,PLAYER_ID,PTS,GP,PLAYER_NAME,POSITION,HEIGHT_WO_SHOES,WEIGHT,WINGSPAN,STANDING_REACH,STANDING_VERTICAL_LEAP,MAX_VERTICAL_LEAP,LANE_AGILITY_TIME
0,2403,15.6,965,Nene ,PF,81.25,253,88.5,109.0,30.0,34.0,10.73
1,203500,12.8,588,Steven Adams,C,82.75,254.5,88.5,109.5,28.5,33.0,11.85
2,1628389,16.3,287,Edrice Adebayo,PF-C,80.75,242.6,86.75,108.0,33.5,38.5,11.94
3,200746,20.4,1029,LaMarcus Aldridge,PF-C,82.0,234,88.75,110.0,26.5,34.0,12.02
4,1628960,16.1,126,Grayson Allen,SG,75.0,198,79.25,97.0,32.5,40.5,10.31
5,1628386,15.1,285,Jarrett Allen,C,81.0,233.6,89.25,109.5,31.5,35.5,11.82
6,202329,10.9,711,Al-Farouq Aminu,SF,79.25,216,87.25,108.5,27.0,33.5,11.29
7,1626147,14.4,226,Justin Anderson,SF-SG,77.25,230.6,83.75,101.0,38.0,43.0,11.13
8,2546,23.6,1191,Carmelo Anthony,SF,78.25,233,84.0,105.5,30.5,33.5,11.4
9,2772,12.7,1094,Trevor Ariza,SG-SF,79.0,201,86.0,107.5,29.5,32.0,11.63
10,201571,14.7,921,D.J. Augustin,PG,70.0,171.5,75.5,94.5,28.5,35.0,11.27
11,1628407,13.5,207,Dwayne Bacon,SG-SF,76.75,221.6,82.0,103.5,30.0,36.5,11.7
12,203084,15.8,670,Harrison Barnes,SF-SG,79.0,227.8,83.25,101.5,38.0,39.5,10.93
13,203115,16.1,552,Will Barton,SG-SF,77.0,174.4,81.75,102.5,30.0,34.0,12.5
14,1628966,12.5,104,Keita Bates-Diop,SG-SF,79.25,223.8,87.25,106.5,30.5,35.0,11.2
15,1629647,13.9,116,Darius Bazley,PF,79.75,208.4,84.0,107.0,30.5,37.0,11.09
16,203078,22.8,605,Bradley Beal,SG,75.25,201.8,80.0,100.0,33.0,39.0,10.95
17,1628395,11.0,160,Jordan Bell,PF,79.0,223.6,83.75,104.5,31.5,38.0,10.63
18,1627761,11.4,240,DeAndre Bembry,SG-SF,76.25,206.6,81.25,101.0,32.0,38.0,10.9
19,203920,10.9,207,Khem Birch,PF,79.5,208.8,85.0,107.0,30.5,35.5,11.6
20,1626164,24.6,409,Devin Booker,SG,76.5,205.8,80.25,102.5,27.5,34.5,10.27
21,202340,14.8,598,Avery Bradley,SG-PG,74.0,180.4,79.25,98.5,31.5,37.5,11.47
22,1628396,15.6,112,Tony Bradley,C,81.25,248.8,89.0,112.5,24.5,27.5,11.79
23,1627763,18.2,297,Malcolm Brogdon,SG,75.75,223,82.5,98.0,30.5,35.5,10.77
24,1628415,17.8,240,Dillon Brooks,SG-SF,77.0,220.2,78.0,100.5,31.0,37.5,11.14
25,1628971,11.2,197,Bruce Brown,SG-PG,75.5,194.6,81.0,98.5,32.5,38.0,11.11
26,1628972,13.3,155,Troy Brown,SF,77.75,208,82.25,105.0,26.0,33.0,11.51
27,1628973,16.7,198,Jalen Brunson,PG,73.0,198.4,76.0,96.0,29.0,37.0,10.59
28,1628418,18.5,143,Thomas Bryant,PF-C,81.5,247.8,90.0,112.5,25.5,33.0,11.42
29,203493,12.8,366,Reggie Bullock,SG-SF,77.75,199.8,80.75,102.0,31.0,36.5,11.33
30,203504,16.5,456,Trey Burke,PG,71.75,187,77.5,97.5,29.5,36.5,11.2
31,202692,17.0,544,Alec Burks,SG,77.0,192.6,82.0,103.5,29.0,36.0,10.96
32,202710,18.9,633,Jimmy Butler,SF,78.0,222.2,79.5,101.5,32.0,39.0,11.12
33,203484,14.1,606,Kentavious Caldwell-Pope,SG,76.5,203.6,80.0,100.5,29.0,34.5,10.6
34,1628975,11.4,157,Jevon Carter,PG,72.25,196.2,76.25,95.0,29.0,36.5,11.04
35,203487,14.6,391,Michael Carter-Williams,PG,76.75,184.4,79.25,101.0,31.5,41.0,10.68
36,2199,10.8,1160,Tyson Chandler,SF-PF,83.5,224,87.0,110.0,31.0,33.5,12.13
37,1627737,14.8,258,Marquese Chriss,PF,80.75,233,84.25,105.0,32.5,38.5,11.93
38,1629634,17.4,117,Brandon Clarke,SF,79.25,207.2,80.25,102.0,34.0,40.5,10.61
39,203903,20.4,521,Jordan Clarkson,PG,75.25,186.3,80.0,98.0,33.0,38.5,10.76
40,1628381,20.9,239,John Collins,PF,80.25,225.2,83.25,106.5,33.0,37.5,11.66
41,201144,16.7,886,Mike Conley,PG,71.0,175,77.75,94.5,35.5,40.5,11.63
42,1626192,10.9,352,Pat Connaughton,SG,76.0,215,80.0,96.0,37.5,44.0,10.58
43,1626188,16.3,188,Quinn Cook,PG,72.25,179,76.0,96.5,24.5,31.0,11.44
44,202326,23.7,606,DeMarcus Cousins,C,81.5,291.8,89.75,113.0,23.5,27.5,11.4
45,203496,14.3,466,Robert Covington,SF-PF,78.25,208.6,85.75,106.0,29.5,36.0,11.69
46,203459,13.6,381,Allen Crabbe,SG,77.25,197.4,83.25,103.5,30.5,36.0,10.67
47,203109,13.9,668,Jae Crowder,SF,76.75,241.2,81.25,99.5,31.0,34.5,11.45
48,201939,25.4,762,Stephen Curry,PG-SG,74.0,181,75.5,97.0,29.5,35.5,11.07
49,202334,11.3,691,Ed Davis,PF,81.0,226.6,84.0,108.0,31.0,36.0,11.7
50,1629056,17.0,133,Terence Davis,SG,75.0,192.4,80.75,101.0,29.5,34.0,10.69
51,201942,21.3,881,DeMar DeRozan,SG-SF,77.5,211.2,81.0,102.5,29.0,38.5,11.88
52,203473,12.8,410,Dewayne Dedmon,C,82.0,238.8,88.0,109.0,28.0,32.5,12.75
53,1628978,13.7,159,Donte DiVincenzo,SG,75.5,200.6,78.0,97.5,34.5,42.0,10.72
54,1628977,15.1,149,Hamidou Diallo,SG,76.25,197,83.5,103.0,32.5,40.5,10.53
55,1628977,15.1,149,Hamidou Diallo,SG-SF,75.75,197.4,83.25,101.5,34.5,44.5,10.88
56,1628977,15.1,149,Hamidou Diallo,SG,76.25,197,83.5,103.0,32.5,40.5,10.53
57,1628977,15.1,149,Hamidou Diallo,SG-SF,75.75,197.4,83.25,101.5,34.5,44.5,10.88
58,1627767,15.8,180,Cheick Diallo,PF,79.5,218.6,88.5,107.5,31.0,35.0,11.24
59,1629652,14.8,88,Luguentz Dort,PG,74.75,222.2,80.5,99.5,32.5,38.0,10.79
60,1628422,13.6,211,Damyean Dotson,SG-SF,76.5,205.2,81.0,100.0,31.5,38.0,11.18
61,1628408,13.3,87,PJ Dozier,SG,77.25,200.6,83.0,101.0,34.0,39.0,10.84
62,203083,17.0,645,Andre Drummond,C,81.75,278.6,90.25,109.5,31.5,33.5,10.83
63,201162,11.9,904,Jared Dudley,SF,77.0,219,79.0,102.0,28.0,32.0,11.32
64,201142,26.5,884,Kevin Durant,SF-PF,81.0,215,88.75,110.0,26.0,33.5,12.33
65,201961,13.9,727,Wayne Ellington,SG,76.25,202.4,78.5,100.0,31.5,38.0,11.14
66,203516,11.7,388,James Ennis,SF,77.75,200.8,83.5,104.5,29.5,36.5,11.55
67,203957,11.0,245,Dante Exum,SG,76.5,196.3,81.5,103.0,31.5,34.5,10.75
68,202324,15.8,751,Derrick Favors,PF,80.75,245.2,88.0,110.0,31.5,35.5,11.74
69,1628390,8.3,204,Terrance Ferguson,SG-SF,77.5,184.4,80.75,103.0,28.5,38.0,11.16
70,1628981,11.2,89,Bruno Fernando,C,80.75,233.2,88.25,109.0,29.0,35.0,12.19
71,1628981,11.2,89,Bruno Fernando,C,80.75,237,87.25,110.0,29.5,33.5,11.29
72,1628981,11.2,89,Bruno Fernando,C,80.75,233.2,88.25,109.0,29.0,35.0,12.19
73,1628981,11.2,89,Bruno Fernando,C,80.75,237,87.25,110.0,29.5,33.5,11.29
74,1627827,10.4,314,Dorian Finney-Smith,SF,78.5,212.6,83.75,105.5,32.5,35.5,11.01
75,1629655,15.4,97,Daniel Gafford,PF,81.25,237.6,86.5,110.0,32.5,36.5,11.61
76,200752,18.6,1009,Rudy Gay,SF-PF,79.0,222,87.0,107.5,33.0,40.5,11.03
77,201959,13.5,844,Taj Gibson,PF,80.5,214.4,88.0,109.0,25.5,30.0,11.56
78,1628385,16.3,142,Harry Giles,PF,81.25,232,87.25,109.5,27.0,32.5,11.08
79,203497,14.6,545,Rudy Gobert,C,84.5,237.6,92.5,115.0,25.0,29.0,12.85
80,201569,18.3,692,Eric Gordon,SG,74.0,222,81.0,99.0,32.0,40.0,10.81
81,203932,16.1,453,Aaron Gordon,PF,79.5,220.1,83.75,105.0,32.5,39.0,10.81
82,1626203,9.5,180,Treveon Graham,SF,76.0,219.4,82.5,103.0,28.5,31.5,11.64
83,1628984,17.2,164,Devonte Graham,PG,72.25,186.4,78.25,96.0,31.0,37.0,11.28
84,101123,17.7,658,Gerald Green,SF,78.0,192,81.75,104.0,31.5,39.0,11.2
85,201145,15.8,976,Jeff Green,SF,79.0,228,85.25,103.0,33.5,38.0,12.0
86,201980,12.6,757,Danny Green,SG-SF,77.25,208,82.0,103.0,29.0,33.0,11.3
87,203110,11.1,639,Draymond Green,PF-SF,77.75,235.6,85.25,105.0,28.0,33.0,11.01
88,201933,22.0,668,Blake Griffin,PF,80.5,248.4,83.25,105.0,32.0,35.5,10.95
89,203501,18.6,544,Tim Hardaway Jr.,SG,76.5,199.4,79.0,101.0,31.5,37.5,10.68
90,201935,26.3,877,James Harden,SG,76.0,222,82.75,103.5,31.5,37.0,11.1
91,203090,11.1,574,Maurice Harkless,SF,79.25,206.6,84.0,102.5,32.5,37.0,10.87
92,202699,18.9,680,Tobias Harris,SF-PF,78.5,222.8,83.0,103.5,31.5,37.5,10.96
93,203925,15.7,400,Joe Harris,SG,76.75,215,78.0,100.0,28.5,33.5,11.11
94,1628404,12.1,242,Josh Hart,SG,76.0,203.6,80.5,99.5,29.5,38.5,11.15
95,1628404,12.1,242,Josh Hart,SG-SF,75.75,209.2,80.25,101.0,27.5,35.5,11.15
96,1628404,12.1,242,Josh Hart,SG,76.0,203.6,80.5,99.5,29.5,38.5,11.15
97,1628404,12.1,242,Josh Hart,SG-SF,75.75,209.2,80.25,101.0,27.5,35.5,11.15
98,2617,10.9,859,Udonis Haslem,PF,79.75,250,83.0,107.0,28.5,33.5,11.8
99,1629637,16.2,124,Jaxson Hayes,PF,82.25,218.6,87.5,110.5,27.0,34.5,11.74
100,202330,18.1,685,Gordon Hayward,SF,78.75,211,79.75,103.0,30.5,34.5,11.73
101,201588,14.4,815,George Hill,PG,73.25,181,81.0,97.5,34.0,37.5,12.2
102,203524,9.3,435,Solomon Hill,SF,77.5,226,81.0,103.0,29.5,37.5,10.77
103,201950,17.4,772,Jrue Holiday,PG-SG,75.25,199,79.0,100.5,28.5,34.0,10.64
104,1628988,14.6,182,Aaron Holiday,PG,71.75,187,79.5,97.0,25.5,33.0,10.96
105,1626178,14.7,305,Rondae Hollis-Jefferson,SF,77.5,210.8,86.0,104.0,32.0,38.0,10.41
106,1626158,16.5,331,Richaun Holmes,PF,80.25,242.8,85.5,108.0,32.5,36.0,11.24
107,203918,15.8,396,Rodney Hood,SF,79.25,208.2,80.5,103.0,29.0,36.0,11.21
108,201143,15.5,881,Al Horford,PF,80.0,246,84.75,107.0,31.0,35.5,12.15
109,2730,17.9,1182,Dwight Howard,PF-C,81.0,240,88.5,111.5,30.5,35.5,11.21
110,1628989,13.5,200,Kevin Huerter,SG,78.25,194,79.5,101.5,31.0,38.0,10.89
111,2738,12.8,1192,Andre Iguodala,SG-SF,77.75,217,83.0,105.5,30.5,34.5,11.17
112,101141,15.9,825,Ersan Ilyasova,SF,79.75,208.8,85.25,109.5,22.0,30.0,11.59
113,1628411,9.3,223,Wesley Iwundu,SG-SF,77.5,193.4,85.0,105.5,31.5,36.0,11.25
114,1628402,16.7,160,Frank Jackson,PG,74.0,201.6,79.5,98.0,34.5,42.0,10.94
115,1628382,12.5,248,Justin Jackson (UNC),SF,79.0,200.8,83.0,104.5,29.5,35.5,10.8
116,201949,13.8,685,James Johnson,SF-PF,79.0,257.2,84.75,105.5,30.5,35.0,11.21
117,1629661,14.4,117,Cameron Johnson,SG,79.0,205.2,82.0,103.0,30.5,36.5,10.52
118,1627745,11.8,143,Damian Jones,C,82.25,243.6,87.75,107.0,36.0,37.0,11.35
119,1626145,11.5,382,Tyus Jones,PG,72.5,184.6,77.0,97.0,26.5,32.5,11.84
120,201599,12.3,932,DeAndre Jordan,C,81.75,250,90.0,113.5,26.0,30.5,12.3
121,202709,11.5,663,Cory Joseph,PG,74.0,186.2,77.5,99.0,27.5,35.0,10.75
122,202683,18.9,713,Enes Kanter,PF-C,81.75,259.2,85.5,109.5,26.0,32.5,11.3
123,203077,12.3,446,Michael Kidd-Gilchrist,SF,77.75,232.8,84.0,104.5,32.0,35.5,11.77
124,202688,17.2,446,Brandon Knight,PG,73.5,176.8,78.75,98.5,29.0,37.5,10.74
125,2594,13.8,1232,Kyle Korver,SF,78.25,211,81.5,102.5,25.5,31.5,11.42
126,1628398,18.5,276,Kyle Kuzma,SF-SG,80.0,222.6,84.25,107.5,27.0,34.0,10.72
127,203897,21.9,411,Zach LaVine,PG,76.5,180.9,80.25,100.0,33.5,41.5,10.42
128,203087,17.7,517,Jeremy Lamb,SG,76.0,179.2,83.0,102.0,31.5,38.0,10.98
129,1627774,13.7,209,Jake Layman,SF,80.0,208.6,81.25,102.0,33.0,39.5,11.35
130,1628388,13.9,146,TJ Leaf,PF,80.75,222.2,83.0,107.0,29.0,34.5,11.55
131,202695,22.1,576,Kawhi Leonard,SF,78.0,227.4,87.0,106.0,25.5,32.0,11.45
132,203086,12.6,447,Meyers Leonard,C,83.75,249.8,87.0,108.0,30.0,32.5,11.34
133,203081,24.4,682,Damian Lillard,PG,73.75,188.8,79.75,95.5,34.5,39.5,11.15
134,1629642,11.6,96,Nassir Little,SF,76.5,224.2,85.25,104.5,31.0,38.5,12.15
135,201572,19.6,855,Brook Lopez,C,83.25,258,89.5,113.0,27.5,30.5,12.77
136,201567,20.4,738,Kevin Love,PF,79.75,255,83.25,106.0,29.5,35.0,11.17
137,1627748,12.1,263,Thon Maker,PF,83.75,216,87.0,110.5,32.0,36.5,11.15
138,1629611,12.6,108,Terance Mann,SG-SF,76.75,204.6,79.75,101.0,32.5,38.5,11.51
139,1628998,9.1,100,Cody Martin,SG-SF,76.75,188.6,82.25,102.5,29.0,36.5,10.64
140,1628998,9.1,100,Cody Martin,PG-SG,76.75,192.2,82.25,102.5,28.0,35.5,10.44
141,1628998,9.1,100,Cody Martin,SG-SF,76.75,188.6,82.25,102.5,29.0,36.5,10.64
142,1628998,9.1,100,Cody Martin,PG-SG,76.75,192.2,82.25,102.5,28.0,35.5,10.44
143,1628412,15.5,103,Frank Mason III,PG,71.0,188.8,75.25,94.0,34.0,41.0,11.41
144,1627775,8.1,199,Patrick McCaw,PG-SG,77.25,180.8,82.0,100.5,30.0,38.0,11.01
145,203468,21.8,528,CJ McCollum,PG-SG,74.25,197,78.25,96.5,32.0,38.5,11.02
146,204456,11.0,454,TJ McConnell,PG,72.5,187.8,74.0,96.5,26.0,31.5,10.95
147,203926,15.7,476,Doug McDermott,SF,78.25,218,81.25,103.0,28.5,36.5,11.1
148,201580,16.5,747,JaVale McGee,C-PF,83.0,241,90.0,114.5,27.0,32.5,12.75
149,203463,14.0,492,Ben McLemore,SG,75.5,189.2,79.75,100.5,32.5,42.0,11.87
150,203895,17.9,123,Jordan McRae,SG,75.75,179.4,84.5,104.0,27.5,34.5,11.07
151,1629001,13.3,162,DeAnthony Melton,SG-PG,74.25,193.2,80.5,99.5,31.0,36.5,11.48
152,1629002,16.3,83,Chimezie Metu,PF-C,80.5,219.6,84.5,108.0,29.5,36.0,11.89
153,203114,19.0,585,Khris Middleton,SF,78.75,216.2,82.75,103.0,28.0,31.0,11.45
154,203121,10.7,271,Darius Miller,SF-SG,78.0,233.4,81.0,101.0,33.0,37.0,11.34
155,201988,16.2,739,Patty Mills,PG,71.25,175.4,74.0,95.0,27.5,33.0,10.87
156,200794,17.2,1052,Paul Millsap,PF,78.25,258,85.5,105.5,28.5,32.5,11.67
157,1629003,18.2,123,Shake Milton,SG-PG,76.5,207.2,84.75,99.5,30.0,33.0,11.07
158,1628378,25.0,278,Donovan Mitchell,SG,73.25,211.4,82.0,97.0,36.5,40.5,11.53
159,202734,13.6,598,E'Twaun Moore,SG,74.5,191.4,81.5,99.5,32.0,34.5,11.12
160,1628420,14.9,205,Monte Morris,PG,73.25,175.2,76.0,96.5,28.0,33.5,11.0
161,203488,13.7,389,Mike Muscala,C-PF,82.25,230.2,85.0,108.0,28.0,33.5,11.76
162,1629004,14.2,164,Svi Mykhailiuk,SG-SF,78.5,219.6,77.0,100.0,27.0,33.0,12.4
163,1629004,14.2,164,Sviatoslav Mykhailiuk,SG-SF,78.5,211.6,76.75,100.0,30.5,37.0,11.25
164,1629004,14.2,164,Svi Mykhailiuk,SG-SF,78.5,219.6,77.0,100.0,27.0,33.0,12.4
165,1629004,14.2,164,Sviatoslav Mykhailiuk,SG-SF,78.5,211.6,76.75,100.0,30.5,37.0,11.25
166,203894,14.6,345,Shabazz Napier,PG,71.0,175.2,75.25,93.0,30.5,37.5,11.6
167,1627777,15.3,229,Georges Niang,PF,78.75,230.8,82.0,103.0,25.0,31.0,11.64
168,203124,13.8,472,Kyle O'Quinn,PF,80.5,240.8,88.75,106.5,31.5,31.5,11.65
169,1628400,8.5,254,Semi Ojeleye,SF-SG,77.25,241.4,81.75,102.0,35.0,40.5,10.58
170,1629006,11.3,195,Josh Okogie,SG,75.0,210.8,84.0,102.0,33.0,42.0,11.08
171,203506,19.1,454,Victor Oladipo,SG,75.25,213.2,81.25,100.5,33.0,42.0,10.69
172,203482,16.5,570,Kelly Olynyk,PF-C,82.75,234,81.75,108.0,24.5,29.5,11.42
173,1626162,16.6,403,Kelly Oubre,SF-SG,77.75,202.8,86.25,102.5,34.5,37.0,11.09
174,202718,15.1,440,Chandler Parsons,SF,80.75,221.2,81.5,104.5,25.5,31.5,11.05
175,1629672,18.7,100,Eric Paschall,SF,78.0,254.4,87.75,103.5,33.0,38.0,11.63
176,202335,11.5,719,Patrick Patterson,PF,80.0,239.6,85.25,107.0,28.5,33.5,11.14
177,101108,19.0,1090,Chris Paul,PG,71.75,178,76.25,93.0,32.0,38.0,11.09
178,203901,13.7,450,Elfrid Payton,PG,74.5,185.4,80.0,98.5,31.5,35.5,11.06
179,203486,13.9,588,Mason Plumlee,C-PF,83.25,238.2,83.0,108.0,30.5,36.0,10.89
180,1629673,17.7,108,Jordan Poole,SG,75.5,190.8,78.75,99.5,28.0,35.5,10.59
181,203490,14.9,441,Otto Porter,SF,79.5,197.6,85.5,105.5,27.0,36.0,11.25
182,1626171,18.3,381,Bobby Portis,PF,81.5,246.2,86.0,108.5,25.0,31.5,11.78
183,203939,14.6,429,Dwight Powell,PF,81.5,234.4,84.5,105.0,28.5,35.0,11.28
184,1626181,17.7,376,Norman Powell,SG,75.0,215.4,82.75,102.5,32.5,40.5,10.69
185,1627752,15.8,301,Taurean Prince,SF,78.5,220.2,83.5,102.0,34.0,36.0,10.96
186,203944,20.5,446,Julius Randle,PF,79.75,249.7,84.0,105.5,29.0,35.5,11.45
187,200755,18.1,940,JJ Redick,SG,76.0,190,75.25,97.5,27.5,33.0,10.94
188,1629675,20.6,100,Naz Reid,PF,80.25,255.8,87.25,109.0,26.0,32.5,12.03
189,203085,13.4,588,Austin Rivers,SG-PG,75.5,202.8,79.25,96.5,32.5,37.5,11.54
190,203460,7.3,307,Andre Roberson,PF-SF,78.25,205.8,83.0,104.5,30.0,36.5,11.36
191,203922,12.3,304,Glenn Robinson III,SF,77.5,211.4,82.0,100.5,36.5,41.5,11.22
192,201565,20.7,646,Derrick Rose,PG,73.5,196,80.0,98.5,34.5,40.0,11.69
193,203082,16.4,607,Terrence Ross,SG-SF,78.0,196.6,79.25,100.5,31.0,37.5,11.78
194,1626179,16.7,404,Terry Rozier,PG-SG,72.5,190.2,80.25,98.5,33.0,38.0,10.84
195,203471,19.6,557,Dennis Schroder,PG,73.0,164.8,79.75,98.0,30.0,34.0,11.09
196,203118,14.6,555,Mike Scott,PF,79.25,240.8,82.75,104.0,27.0,32.5,11.59
197,1629013,13.8,193,Landry Shamet,PG,76.0,188.6,78.75,100.0,31.0,39.5,11.26
198,202697,10.4,461,Iman Shumpert,PG-SG,76.25,221.8,81.5,99.5,36.5,42.0,11.1
199,1627783,18.5,332,Pascal Siakam,PF,80.25,226.6,87.25,107.5,30.5,36.5,11.25
200,1629014,15.4,154,Anfernee Simons,SG-PG,74.25,183.2,81.25,99.5,32.0,41.5,11.27
201,203935,12.5,449,Marcus Smart,PG,74.0,227.2,81.25,99.0,33.0,36.0,10.82
202,203503,10.2,548,Tony Snell,SF-SG,78.0,198.2,83.5,105.5,30.0,36.5,11.36
203,1629016,13.7,95,Omari Spellman,PF-C,80.0,253.8,86.0,107.5,28.5,35.5,12.28
204,201952,16.3,826,Jeff Teague,PG,72.25,175.2,79.5,98.5,30.5,36.5,11.05
205,202738,22.5,528,Isaiah Thomas,PG,68.75,186,73.75,91.5,31.5,40.0,10.49
206,202684,12.1,673,Tristan Thompson,PF,79.5,227.4,85.25,108.5,30.0,35.0,10.92
207,202691,21.2,615,Klay Thompson,SG,77.75,205.6,81.0,103.5,26.5,31.5,10.99
208,201229,11.3,730,Anthony Tolliver,PF,79.0,242,86.5,107.5,28.5,30.0,11.49
209,1629018,16.3,134,Gary Trent,SG,76.25,204.2,80.75,98.0,33.5,39.5,11.37
210,1629019,17.5,88,Allonzo Trier,SG,75.75,198,78.75,98.0,32.0,40.0,11.02
211,202323,13.0,705,Evan Turner,SG,77.75,213.8,80.0,103.5,27.5,34.5,11.06
212,1627756,13.5,232,Denzel Valentine,SG-SF,76.0,210.4,82.75,102.0,27.0,32.0,10.51
213,203943,10.5,339,Noah Vonleh,PF,80.0,247.1,88.25,108.0,31.0,37.0,11.45
214,202696,19.8,668,Nikola Vucevic,PF-C,82.25,259.8,88.5,112.5,23.5,25.0,12.02
215,1629021,16.4,133,Moritz Wagner,C-PF,82.5,241.4,84.0,108.0,27.0,34.0,11.48
216,1629021,16.4,133,Moritz Wagner,PF,82.0,231.2,84.0,108.0,25.5,32.5,12.0
217,1629021,16.4,133,Moritz Wagner,C-PF,82.5,241.4,84.0,108.0,27.0,34.0,11.48
218,1629021,16.4,133,Moritz Wagner,PF,82.0,231.2,84.0,108.0,25.5,32.5,12.0
219,202689,21.2,704,Kemba Walker,PG,71.5,184,75.5,91.5,32.0,39.5,10.87
220,1629022,15.1,138,Lonnie Walker,SG,75.75,196.2,82.25,99.5,31.5,40.0,10.87
221,202322,19.3,613,John Wall,PG,74.75,195.6,81.25,101.5,30.0,39.0,10.84
222,203933,19.4,332,T.J. Warren,SF,79.0,220.2,82.25,104.0,27.0,35.5,11.1
223,1629023,14.9,122,PJ Washington,PF,78.5,223,86.5,107.0,27.0,34.0,11.39
224,201566,24.0,943,Russell Westbrook,PG,74.25,192,79.75,100.0,30.0,36.5,10.98
225,1628401,15.9,188,Derrick White,PG,75.25,189.8,79.5,101.5,31.0,36.5,10.84
226,202355,18.5,446,Hassan Whiteside,C-PF,82.5,226.6,91.0,113.0,27.0,31.5,11.83
227,101107,13.1,1072,Marvin Williams,PF-SF,79.0,228.2,87.5,108.0,29.5,35.0,11.11
228,1629026,10.2,151,Kenrich Williams,SF,78.0,200.4,79.25,103.5,28.0,33.0,10.86
229,1629684,8.8,132,Grant Williams,PF,77.75,240.2,81.75,104.5,26.0,31.5,10.83
230,1626153,13.2,334,Delon Wright,PG,76.25,181.4,79.5,101.5,29.5,31.0,11.16
231,201152,15.7,1033,Thaddeus Young,SF,77.75,210,83.5,106.0,34.5,37.0,11.06
232,203469,13.8,467,Cody Zeller,C-PF,82.75,230,82.75,106.0,35.5,37.5,10.82
