,PLAYER_ID,PLAYER_NAME,POSITION,HEIGHT_WO_SHOES,WEIGHT,WINGSPAN,STANDING_REACH,STANDING_VERTICAL_LEAP,MAX_VERTICAL_LEAP,LANE_AGILITY_TIME
0,2403,Nene ,PF,81.25,253,88.5,109.0,30.0,34.0,10.73
5,203500,Steven Adams,C,82.75,254.5,88.5,109.5,28.5,33.0,11.85
7,1628389,Edrice Adebayo,PF-C,80.75,242.6,86.75,108.0,33.5,38.5,11.94
15,200746,LaMarcus Aldridge,PF-C,82.0,234,88.75,110.0,26.5,34.0,12.02
25,1628960,Grayson Allen,SG,75.0,198,79.25,97.0,32.5,40.5,10.31
26,1628386,Jarrett Allen,C,81.0,233.6,89.25,109.5,31.5,35.5,11.82
27,1628443,Kadeem Allen,PG,73.0,192.4,81.25,99.5,33.0,35.5,11.24
30,202329,Al-Farouq Aminu,SF,79.25,216,87.25,108.5,27.0,33.5,11.29
38,1626147,Justin Anderson,SF-SG,77.25,230.6,83.75,101.0,38.0,43.0,11.13
41,1628961,Kostas Antetokounmpo,PF,81.0,194.8,86.25,110.0,29.5,35.0,12.48
42,203648,Thanasis Antetokounmpo,SF,77.25,205.2,84.0,104.5,31.5,39.5,11.39
43,2546,Carmelo Anthony,SF,78.25,233,84.0,105.5,30.5,33.5,11.4
48,2772,Trevor Ariza,SG-SF,79.0,201,86.0,107.5,29.5,32.0,11.63
54,201571,D.J. Augustin,PG,70.0,171.5,75.5,94.5,28.5,35.0,11.27
61,1628407,Dwayne Bacon,SG-SF,76.75,221.6,82.0,103.5,30.0,36.5,11.7
73,203084,Harrison Barnes,SF-SG,79.0,227.8,83.25,101.5,38.0,39.5,10.93
77,203115,Will Barton,SG-SF,77.0,174.4,81.75,102.5,30.0,34.0,12.5
81,1628966,Keita Bates-Diop,SG-SF,79.25,223.8,87.25,106.5,30.5,35.0,11.2
87,1629647,Darius Bazley,PF,79.75,208.4,84.0,107.0,30.5,37.0,11.09
89,203078,Bradley Beal,SG,75.25,201.8,80.0,100.0,33.0,39.0,10.95
98,1628395,Jordan Bell,PF,79.0,223.6,83.75,104.5,31.5,38.0,10.63
99,1627761,DeAndre Bembry,SG-SF,76.25,206.6,81.25,101.0,32.0,38.0,10.9
105,203920,Khem Birch,PF,79.5,208.8,85.0,107.0,30.5,35.5,11.6
122,1629648,Jordan Bone,SG,73.5,179,75.25,95.0,36.0,42.5,9.97
125,1626164,Devin Booker,SG,76.5,205.8,80.25,102.5,27.5,34.5,10.27
131,1628968,Brian Bowen,SG-SF,78.25,202,82.25,103.5,30.5,34.0,11.58
132,1628968,Brian Bowen II,SF,78.25,200,82.0,103.0,32.0,35.5,10.98
136,1629065,Ky Bowman,PG,73.0,181.2,79.0,98.0,27.5,33.0,11.11
141,202340,Avery Bradley,SG-PG,74.0,180.4,79.25,98.5,31.5,37.5,11.47
142,1628396,Tony Bradley,C,81.25,248.8,89.0,112.5,24.5,27.5,11.79
144,1629649,Ignas Brazdeikis,SF,77.75,220.8,81.25,102.0,31.0,36.5,11.06
153,1629052,O'Shae Brissett,SF-PF,79.0,203.2,84.0,104.0,34.0,37.5,11.3
154,1627763,Malcolm Brogdon,SG,75.75,223,82.5,98.0,30.5,35.5,10.77
157,1628415,Dillon Brooks,SG-SF,77.0,220.2,78.0,100.5,31.0,37.5,11.14
171,1628971,Bruce Brown,SG-PG,75.5,194.6,81.0,98.5,32.5,38.0,11.11
172,1628972,Troy Brown,SF,77.75,208,82.25,105.0,26.0,33.0,11.51
178,1629650,Moses Brown,C,85.25,237.2,88.75,113.0,27.0,31.0,11.95
180,1628973,Jalen Brunson,PG,73.0,198.4,76.0,96.0,29.0,37.0,10.59
182,1628418,Thomas Bryant,PF-C,81.5,247.8,90.0,112.5,25.5,33.0,11.42
186,203493,Reggie Bullock,SG-SF,77.75,199.8,80.75,102.0,31.0,36.5,11.33
188,203504,Trey Burke,PG,71.75,187,77.5,97.5,29.5,36.5,11.2
190,202692,Alec Burks,SG,77.0,192.6,82.0,103.5,29.0,36.0,10.96
198,202710,Jimmy Butler,SF,78.0,222.2,79.5,101.5,32.0,39.0,11.12
201,203484,Kentavious Caldwell-Pope,SG,76.5,203.6,80.0,100.5,29.0,34.5,10.6
215,1628975,Jevon Carter,PG,72.25,196.2,76.25,95.0,29.0,36.5,11.04
217,203487,Michael Carter-Williams,PG,76.75,184.4,79.25,101.0,31.5,41.0,10.68
221,2199,Tyson Chandler,SF-PF,83.5,224,87.0,110.0,31.0,33.5,12.13
226,1627737,Marquese Chriss,PF,80.75,233,84.25,105.0,32.5,38.5,11.93
234,1629634,Brandon Clarke,SF,79.25,207.2,80.25,102.0,34.0,40.5,10.61
235,203903,Jordan Clarkson,PG,75.25,186.3,80.0,98.0,33.0,38.5,10.76
237,1629651,Nicolas Claxton,C,82.0,216.6,86.5,110.0,31.5,36.5,11.26
247,1628381,John Collins,PF,80.25,225.2,83.25,106.5,33.0,37.5,11.66
251,201144,Mike Conley,PG,71.0,175,77.75,94.5,35.5,40.5,11.63
252,1626192,Pat Connaughton,SG,76.0,215,80.0,96.0,37.5,44.0,10.58
257,1626188,Quinn Cook,PG,72.25,179,76.0,96.5,24.5,31.0,11.44
259,1629076,Tyler Cook,PF,79.25,245.4,84.5,106.5,27.5,32.0,11.32
265,202326,DeMarcus Cousins,C,81.5,291.8,89.75,113.0,23.5,27.5,11.4
268,203496,Robert Covington,SF-PF,78.25,208.6,85.75,106.0,29.5,36.0,11.69
269,203459,Allen Crabbe,SG,77.25,197.4,83.25,103.5,30.5,36.0,10.67
275,203109,Jae Crowder,SF,76.75,241.2,81.25,99.5,31.0,34.5,11.45
281,201939,Stephen Curry,PG-SG,74.0,181,75.5,97.0,29.5,35.5,11.07
290,202334,Ed Davis,PF,81.0,226.6,84.0,108.0,31.0,36.0,11.7
293,1629056,Terence Davis,SG,75.0,192.4,80.75,101.0,29.5,34.0,10.69
297,201942,DeMar DeRozan,SG-SF,77.5,211.2,81.0,102.5,29.0,38.5,11.88
300,203473,Dewayne Dedmon,C,82.0,238.8,88.0,109.0,28.0,32.5,12.75
304,1628978,Donte DiVincenzo,SG,75.5,200.6,78.0,97.5,34.5,42.0,10.72
306,1628977,Hamidou Diallo,SG,76.25,197,83.5,103.0,32.5,40.5,10.53
307,1627767,Cheick Diallo,PF,79.5,218.6,88.5,107.5,31.0,35.0,11.24
308,1628977,Hamidou Diallo,SG-SF,75.75,197.4,83.25,101.5,34.5,44.5,10.88
322,1629652,Luguentz Dort,PG,74.75,222.2,80.5,99.5,32.5,38.0,10.79
323,1628422,Damyean Dotson,SG-SF,76.5,205.2,81.0,100.0,31.5,38.0,11.18
331,1628408,PJ Dozier,SG,77.25,200.6,83.0,101.0,34.0,39.0,10.84
332,203083,Andre Drummond,C,81.75,278.6,90.25,109.5,31.5,33.5,10.83
334,201162,Jared Dudley,SF,77.0,219,79.0,102.0,28.0,32.0,11.32
343,201142,Kevin Durant,SF-PF,81.0,215,88.75,110.0,26.0,33.5,12.33
350,1629035,Carsen Edwards,PG,70.75,195.6,78.25,94.5,28.5,34.5,11.59
357,201961,Wayne Ellington,SG,76.25,202.4,78.5,100.0,31.5,38.0,11.14
365,203516,James Ennis,SF,77.75,200.8,83.5,104.5,29.5,36.5,11.55
373,1628980,Jacob Evans,SG-SF,76.25,199.6,81.25,102.5,28.0,35.5,11.11
378,203957,Dante Exum,SG,76.5,196.3,81.5,103.0,31.5,34.5,10.75
382,1629605,Tacko Fall,C,89.25,288.8,98.25,122.5,22.0,26.5,13.01
386,202324,Derrick Favors,PF,80.75,245.2,88.0,110.0,31.5,35.5,11.74
391,1628390,Terrance Ferguson,SG-SF,77.5,184.4,80.75,103.0,28.5,38.0,11.16
393,1628981,Bruno Fernando,C,80.75,233.2,88.25,109.0,29.0,35.0,12.19
394,1628981,Bruno Fernando,C,80.75,237,87.25,110.0,29.5,33.5,11.29
396,1627827,Dorian Finney-Smith,SF,78.5,212.6,83.75,105.5,32.5,35.5,11.01
413,1628982,Melvin Frazier,SF-SG,76.5,198.2,85.75,105.0,31.0,40.5,11.24
414,1626187,Michael Frazier II,SG,75.75,199.4,80.0,101.5,27.0,35.0,10.66
420,1629655,Daniel Gafford,PF,81.25,237.6,86.5,110.0,32.5,36.5,11.61
429,200752,Rudy Gay,SF-PF,79.0,222,87.0,107.5,33.0,40.5,11.03
433,201959,Taj Gibson,PF,80.5,214.4,88.0,109.0,25.5,30.0,11.56
436,1628385,Harry Giles,PF,81.25,232,87.25,109.5,27.0,32.5,11.08
440,203497,Rudy Gobert,C,84.5,237.6,92.5,115.0,25.0,29.0,12.85
447,201569,Eric Gordon,SG,74.0,222,81.0,99.0,32.0,40.0,10.81
449,203932,Aaron Gordon,PF,79.5,220.1,83.75,105.0,32.5,39.0,10.81
454,1626203,Treveon Graham,SF,76.0,219.4,82.5,103.0,28.5,31.5,11.64
455,1628984,Devonte Graham,PG,72.25,186.4,78.25,96.0,31.0,37.0,11.28
466,101123,Gerald Green,SF,78.0,192,81.75,104.0,31.5,39.0,11.2
468,201145,Jeff Green,SF,79.0,228,85.25,103.0,33.5,38.0,12.0
470,201980,Danny Green,SG-SF,77.25,208,82.0,103.0,29.0,33.0,11.3
471,203110,Draymond Green,PF-SF,77.75,235.6,85.25,105.0,28.0,33.0,11.01
479,201933,Blake Griffin,PF,80.5,248.4,83.25,105.0,32.0,35.5,10.95
484,1629657,Kyle Guy,SG,72.75,167.8,76.5,95.5,30.5,36.5,10.48
492,1628985,Devon Hall,SG,76.25,206.4,79.75,102.0,25.0,31.0,10.95
504,203501,Tim Hardaway Jr.,SG,76.5,199.4,79.0,101.0,31.5,37.5,10.68
505,201935,James Harden,SG,76.0,222,82.75,103.5,31.5,37.0,11.1
507,203090,Maurice Harkless,SF,79.25,206.6,84.0,102.5,32.5,37.0,10.87
509,1629607,Jared Harper,PG,69.75,169.2,77.5,94.0,33.5,40.5,10.77
514,202699,Tobias Harris,SF-PF,78.5,222.8,83.0,103.5,31.5,37.5,10.96
516,203925,Joe Harris,SG,76.75,215,78.0,100.0,28.5,33.5,11.11
521,1628404,Josh Hart,SG,76.0,203.6,80.5,99.5,29.5,38.5,11.15
522,1628404,Josh Hart,SG-SF,75.75,209.2,80.25,101.0,27.5,35.5,11.15
527,2617,Udonis Haslem,PF,79.75,250,83.0,107.0,28.5,33.5,11.8
537,1629637,Jaxson Hayes,PF,82.25,218.6,87.5,110.5,27.0,34.5,11.74
538,202330,Gordon Hayward,SF,78.75,211,79.75,103.0,30.5,34.5,11.73
550,1629608,Dewan Hernandez,C,81.0,232.8,85.75,107.0,30.5,35.5,11.46
552,1628987,Kevin Hervey,PF,78.5,211.6,87.5,107.0,27.5,32.0,11.28
561,201588,George Hill,PG,73.25,181,81.0,97.5,34.0,37.5,12.2
563,203524,Solomon Hill,SF,77.5,226,81.0,103.0,29.5,37.5,10.77
566,1629658,Jalen Hoard,PF,79.25,212.6,84.75,105.5,27.5,35.5,11.44
570,201950,Jrue Holiday,PG-SG,75.25,199,79.0,100.5,28.5,34.0,10.64
571,1628988,Aaron Holiday,PG,71.75,187,79.5,97.0,25.5,33.0,10.96
572,1626178,Rondae Hollis-Jefferson,SF,77.5,210.8,86.0,104.0,32.0,38.0,10.41
577,1626158,Richaun Holmes,PF,80.25,242.8,85.5,108.0,32.5,36.0,11.24
580,203918,Rodney Hood,SF,79.25,208.2,80.5,103.0,29.0,36.0,11.21
582,201143,Al Horford,PF,80.0,246,84.75,107.0,31.0,35.5,12.15
584,1629659,Talen Horton-Tucker,SG,74.5,235.4,85.25,103.0,26.0,34.5,11.34
589,2730,Dwight Howard,PF-C,81.0,240,88.5,111.5,30.5,35.5,11.21
595,1628989,Kevin Huerter,SG,78.25,194,79.5,101.5,31.0,38.0,10.89
613,2738,Andre Iguodala,SG-SF,77.75,217,83.0,105.5,30.5,34.5,11.17
614,101141,Ersan Ilyasova,SF,79.75,208.8,85.25,109.5,22.0,30.0,11.59
619,1628411,Wesley Iwundu,SG-SF,77.5,193.4,85.0,105.5,31.5,36.0,11.25
629,1628402,Frank Jackson,PG,74.0,201.6,79.5,98.0,34.5,42.0,10.94
633,1628382,Justin Jackson (UNC),SF,79.0,200.8,83.0,104.5,29.5,35.5,10.8
651,1629660,Ty Jerome,PG,76.25,194.4,76.0,98.0,26.0,31.5,11.21
661,201949,James Johnson,SF-PF,79.0,257.2,84.75,105.5,30.5,35.0,11.21
670,1628993,Alize Johnson,PF,79.25,216.6,80.75,103.0,25.0,31.0,11.83
672,1629661,Cameron Johnson,SG,79.0,205.2,82.0,103.0,30.5,36.5,10.52
688,1627745,Damian Jones,C,82.25,243.6,87.75,107.0,36.0,37.0,11.35
689,1626145,Tyus Jones,PG,72.5,184.6,77.0,97.0,26.5,32.5,11.84
693,201599,DeAndre Jordan,C,81.75,250,90.0,113.5,26.0,30.5,12.3
695,202709,Cory Joseph,PG,74.0,186.2,77.5,99.0,27.5,35.0,10.75
697,1629662,Mfiondu Kabengele,PF,80.75,256.2,87.0,109.5,28.0,35.5,11.21
702,202683,Enes Kanter,PF-C,81.75,259.2,85.5,109.5,26.0,32.5,11.3
717,203077,Michael Kidd-Gilchrist,SF,77.75,232.8,84.0,104.5,32.0,35.5,11.77
722,1629663,Louis King,SF,78.75,195.2,84.25,104.5,29.0,33.0,10.99
727,202688,Brandon Knight,PG,73.5,176.8,78.75,98.5,29.0,37.5,10.74
732,2594,Kyle Korver,SF,78.25,211,81.5,102.5,25.5,31.5,11.42
736,1628398,Kyle Kuzma,SF-SG,80.0,222.6,84.25,107.5,27.0,34.0,10.72
737,203897,Zach LaVine,PG,76.5,180.9,80.25,100.0,33.5,41.5,10.42
739,203087,Jeremy Lamb,SG,76.0,179.2,83.0,102.0,31.5,38.0,10.98
757,1627774,Jake Layman,SF,80.0,208.6,81.25,102.0,33.0,39.5,11.35
759,1628388,TJ Leaf,PF,80.75,222.2,83.0,107.0,29.0,34.5,11.55
760,1629665,Jalen Lecque,PG,74.5,185.2,80.5,98.5,35.0,43.0,11.09
767,202695,Kawhi Leonard,SF,78.0,227.4,87.0,106.0,25.5,32.0,11.45
768,203086,Meyers Leonard,C,83.75,249.8,87.0,108.0,30.0,32.5,11.34
776,203081,Damian Lillard,PG,73.75,188.8,79.75,95.5,34.5,39.5,11.15
779,1629642,Nassir Little,SF,76.5,224.2,85.25,104.5,31.0,38.5,12.15
785,201572,Brook Lopez,C,83.25,258,89.5,113.0,27.5,30.5,12.77
787,201567,Kevin Love,PF,79.75,255,83.25,106.0,29.5,35.0,11.17
798,1627748,Thon Maker,PF,83.75,216,87.0,110.5,32.0,36.5,11.15
801,1629611,Terance Mann,SG-SF,76.75,204.6,79.75,101.0,32.5,38.5,11.51
812,1628997,Caleb Martin,SF-SG,76.75,195.8,82.0,101.5,29.0,36.5,10.43
813,1628998,Cody Martin,SG-SF,76.75,188.6,82.25,102.5,29.0,36.5,10.64
814,1628998,Cody Martin,PG-SG,76.75,192.2,82.25,102.5,28.0,35.5,10.44
816,1628412,Frank Mason III,PG,71.0,188.8,75.25,94.0,34.0,41.0,11.41
834,1627775,Patrick McCaw,PG-SG,77.25,180.8,82.0,100.5,30.0,38.0,11.01
837,203468,CJ McCollum,PG-SG,74.25,197,78.25,96.5,32.0,38.5,11.02
838,204456,TJ McConnell,PG,72.5,187.8,74.0,96.5,26.0,31.5,10.95
843,1629667,Jalen McDaniels,SF,80.25,191.6,84.25,105.5,29.5,33.5,11.54
844,203926,Doug McDermott,SF,78.25,218,81.25,103.0,28.5,36.5,11.1
848,201580,JaVale McGee,C-PF,83.0,241,90.0,114.5,27.0,32.5,12.75
851,203463,Ben McLemore,SG,75.5,189.2,79.75,100.5,32.5,42.0,11.87
854,203895,Jordan McRae,SG,75.75,179.4,84.5,104.0,27.5,34.5,11.07
860,1629001,DeAnthony Melton,SG-PG,74.25,193.2,80.5,99.5,31.0,36.5,11.48
865,1629002,Chimezie Metu,PF-C,80.5,219.6,84.5,108.0,29.5,36.0,11.89
868,203114,Khris Middleton,SF,78.75,216.2,82.75,103.0,28.0,31.0,11.45
873,203121,Darius Miller,SF-SG,78.0,233.4,81.0,101.0,33.0,37.0,11.34
874,201988,Patty Mills,PG,71.25,175.4,74.0,95.0,27.5,33.0,10.87
875,200794,Paul Millsap,PF,78.25,258,85.5,105.5,28.5,32.5,11.67
876,1629003,Shake Milton,SG-PG,76.5,207.2,84.75,99.5,30.0,33.0,11.07
883,1628378,Donovan Mitchell,SG,73.25,211.4,82.0,97.0,36.5,40.5,11.53
889,202734,E'Twaun Moore,SG,74.5,191.4,81.5,99.5,32.0,34.5,11.12
895,1628420,Monte Morris,PG,73.25,175.2,76.0,96.5,28.0,33.5,11.0
907,203488,Mike Muscala,C-PF,82.25,230.2,85.0,108.0,28.0,33.5,11.76
908,1629004,Svi Mykhailiuk,SG-SF,78.5,219.6,77.0,100.0,27.0,33.0,12.4
909,1629004,Sviatoslav Mykhailiuk,SG-SF,78.5,211.6,76.75,100.0,30.5,37.0,11.25
914,203894,Shabazz Napier,PG,71.0,175.2,75.25,93.0,30.5,37.5,11.6
922,1627777,Georges Niang,PF,78.75,230.8,82.0,103.0,25.0,31.0,11.64
932,1629668,Zach Norvell Jr.,SG,76.5,206.4,78.0,101.0,24.0,30.0,11.6
934,1629669,Jaylen Nowell,SG,75.25,202.4,79.25,98.0,32.0,38.5,10.76
940,203124,Kyle O'Quinn,PF,80.5,240.8,88.75,106.5,31.5,31.5,11.65
943,1628400,Semi Ojeleye,SF-SG,77.25,241.4,81.75,102.0,35.0,40.5,10.58
947,1629006,Josh Okogie,SG,75.0,210.8,84.0,102.0,33.0,42.0,11.08
948,1629644,KZ Okpala,SF,79.25,209.6,85.75,106.5,30.5,37.0,10.88
950,203506,Victor Oladipo,SG,75.25,213.2,81.25,100.5,33.0,42.0,10.69
952,203482,Kelly Olynyk,PF-C,82.75,234,81.75,108.0,24.5,29.5,11.42
953,1629671,Miye Oni,SG,76.25,205.6,82.75,100.5,30.5,38.5,11.71
958,1626162,Kelly Oubre,SF-SG,77.75,202.8,86.25,102.5,34.5,37.0,11.09
969,202718,Chandler Parsons,SF,80.75,221.2,81.5,104.5,25.5,31.5,11.05
972,1629672,Eric Paschall,SF,78.0,254.4,87.75,103.5,33.0,38.0,11.63
973,202335,Patrick Patterson,PF,80.0,239.6,85.25,107.0,28.5,33.5,11.14
975,1628383,Justin Patton,C,82.0,229,87.0,111.5,26.0,30.5,11.8
976,101108,Chris Paul,PG,71.75,178,76.25,93.0,32.0,38.0,11.09
981,203901,Elfrid Payton,PG,74.5,185.4,80.0,98.5,31.5,35.5,11.06
982,1627780,Gary Payton II,PG,74.0,183.8,80.0,99.5,31.5,38.5,11.57
984,203658,Norvel Pelle,PF-C,81.5,207.2,86.5,109.0,31.0,34.5,11.49
994,1629033,Theo Pinson,SG-SF,77.0,211.2,82.75,103.5,27.0,34.0,11.53
999,203486,Mason Plumlee,C-PF,83.25,238.2,83.0,108.0,30.5,36.0,10.89
1002,1629044,Shamorie Ponds,PG,71.5,180,75.5,96.5,29.0,37.0,11.01
1003,1629673,Jordan Poole,SG,75.5,190.8,78.75,99.5,28.0,35.5,10.59
1006,203490,Otto Porter,SF,79.5,197.6,85.5,105.5,27.0,36.0,11.25
1010,1629645,Kevin Porter Jr.,SG,76.0,212.6,81.0,103.0,27.0,34.0,10.82
1011,1626171,Bobby Portis,PF,81.5,246.2,86.0,108.5,25.0,31.5,11.78
1016,203939,Dwight Powell,PF,81.5,234.4,84.5,105.0,28.5,35.0,11.28
1017,1626181,Norman Powell,SG,75.0,215.4,82.75,102.5,32.5,40.5,10.69
1024,1627752,Taurean Prince,SF,78.5,220.2,83.5,102.0,34.0,36.0,10.96
1039,203944,Julius Randle,PF,79.75,249.7,84.0,105.5,29.0,35.5,11.45
1048,200755,JJ Redick,SG,76.0,190,75.25,97.5,27.5,33.0,10.94
1053,1629675,Naz Reid,PF,80.25,255.8,87.25,109.0,26.0,32.5,12.03
1068,203085,Austin Rivers,SG-PG,75.5,202.8,79.25,96.5,32.5,37.5,11.54
1071,203460,Andre Roberson,PF-SF,78.25,205.8,83.0,104.5,30.0,36.5,11.36
1085,203922,Glenn Robinson III,SF,77.5,211.4,82.0,100.5,36.5,41.5,11.22
1087,1629676,Isaiah Roby,PF,79.25,214,85.0,106.0,32.5,35.5,10.63
1088,201565,Derrick Rose,PG,73.5,196,80.0,98.5,34.5,40.0,11.69
1089,203082,Terrence Ross,SG-SF,78.0,196.6,79.25,100.5,31.0,37.5,11.78
1092,1626179,Terry Rozier,PG-SG,72.5,190.2,80.25,98.5,33.0,38.0,10.84
1099,1629677,Luka Samanic,PF,81.5,227.2,82.5,107.0,27.0,38.0,11.01
1115,1629678,Admiral Schofield,SF,76.0,240.6,81.75,102.5,30.0,34.0,10.77
1116,203471,Dennis Schroder,PG,73.0,164.8,79.75,98.0,30.0,34.0,11.09
1117,203118,Mike Scott,PF,79.25,240.8,82.75,104.0,27.0,32.5,11.59
1130,1629013,Landry Shamet,PG,76.0,188.6,78.75,100.0,31.0,39.5,11.26
1131,1629621,Marial Shayok,SF-PF,76.5,196.8,84.25,103.5,29.5,36.5,11.16
1137,202697,Iman Shumpert,PG-SG,76.25,221.8,81.5,99.5,36.5,42.0,11.1
1138,1627783,Pascal Siakam,PF,80.25,226.6,87.25,107.5,30.5,36.5,11.25
1143,1628424,Kobi Simmons,PG,75.25,166.2,78.0,99.0,30.5,38.5,11.15
1145,1629014,Anfernee Simons,SG-PG,74.25,183.2,81.25,99.5,32.0,41.5,11.27
1155,203935,Marcus Smart,PG,74.0,227.2,81.25,99.0,33.0,36.0,10.82
1168,1629015,Zhaire Smith,SF-SG,74.75,198.6,81.75,100.0,33.0,41.5,11.02
1171,203503,Tony Snell,SF-SG,78.0,198.2,83.5,105.5,30.0,36.5,11.36
1178,1629034,Ray Spalding,PF,81.0,215.4,88.75,109.0,26.0,32.0,11.48
1179,1629016,Omari Spellman,PF-C,80.0,253.8,86.0,107.5,28.5,35.5,12.28
1203,1628403,Caleb Swanigan,PF,79.5,246.6,87.5,107.0,26.0,29.0,12.8
1216,201952,Jeff Teague,PG,72.25,175.2,79.5,98.5,30.5,36.5,11.05
1227,202738,Isaiah Thomas,PG,68.75,186,73.75,91.5,31.5,40.0,10.49
1230,1629017,Khyri Thomas,SG,74.5,198.8,82.5,101.0,30.0,35.0,10.96
1233,202684,Tristan Thompson,PF,79.5,227.4,85.25,108.5,30.0,35.0,10.92
1234,202691,Klay Thompson,SG,77.75,205.6,81.0,103.5,26.5,31.5,10.99
1248,201229,Anthony Tolliver,PF,79.0,242,86.5,107.5,28.5,30.0,11.49
1252,1629018,Gary Trent,SG,76.25,204.2,80.75,98.0,33.5,39.5,11.37
1253,1629019,Allonzo Trier,SG,75.75,198,78.75,98.0,32.0,40.0,11.02
1258,202323,Evan Turner,SG,77.75,213.8,80.0,103.5,27.5,34.5,11.06
1268,1627756,Denzel Valentine,SG-SF,76.0,210.4,82.75,102.0,27.0,32.0,10.51
1274,203943,Noah Vonleh,PF,80.0,247.1,88.25,108.0,31.0,37.0,11.45
1277,202696,Nikola Vucevic,PF-C,82.25,259.8,88.5,112.5,23.5,25.0,12.02
1281,1629021,Moritz Wagner,C-PF,82.5,241.4,84.0,108.0,27.0,34.0,11.48
1282,1629021,Moritz Wagner,PF,82.0,231.2,84.0,108.0,25.5,32.5,12.0
1285,202689,Kemba Walker,PG,71.5,184,75.5,91.5,32.0,39.5,10.87
1286,1629022,Lonnie Walker,SG,75.75,196.2,82.25,99.5,31.5,40.0,10.87
1288,202322,John Wall,PG,74.75,195.6,81.25,101.5,30.0,39.0,10.84
1292,1628476,Derrick Walton Jr.,PG,71.0,188.6,74.5,95.0,26.0,32.5,11.28
1295,203933,T.J. Warren,SF,79.0,220.2,82.25,104.0,27.0,35.5,11.1
1299,1629023,PJ Washington,PF,78.5,223,86.5,107.0,27.0,34.0,11.39
1301,1629682,Tremont Waters,PG,69.5,172.4,74.25,93.5,30.5,40.5,10.76
1306,1629683,Quinndary Weatherspoon,SG,75.0,206.6,81.0,100.0,31.0,38.0,11.57
1314,201566,Russell Westbrook,PG,74.25,192,79.75,100.0,30.0,36.5,10.98
1319,1628401,Derrick White,PG,75.25,189.8,79.5,101.5,31.0,36.5,10.84
1322,202355,Hassan Whiteside,C-PF,82.5,226.6,91.0,113.0,27.0,31.5,11.83
1336,101107,Marvin Williams,PF-SF,79.0,228.2,87.5,108.0,29.5,35.0,11.11
1348,1629026,Kenrich Williams,SF,78.0,200.4,79.25,103.5,28.0,33.0,10.86
1352,1629684,Grant Williams,PF,77.75,240.2,81.75,104.5,26.0,31.5,10.83
1353,1628430,Nigel Williams-Goss,PG,73.5,190.2,79.25,99.0,27.5,34.5,10.42
1358,1629685,Dylan Windler,SF,78.25,195.8,82.0,104.5,29.0,37.5,10.7
1378,1626153,Delon Wright,PG,76.25,181.4,79.5,101.5,29.5,31.0,11.16
1383,201152,Thaddeus Young,SF,77.75,210,83.5,106.0,34.5,37.0,11.06
1392,203469,Cody Zeller,C-PF,82.75,230,82.75,106.0,35.5,37.5,10.82
