,g,Q,t,y
0,0.875703750938668,-0.01389074077023622,1,0.66
1,0.49882761844017,-0.0018799505817032047,0,0.759
2,0.9599817250839169,-0.01389074077023622,1,0.5479999999999999
3,0.48718533074652753,-0.0006582284128896498,1,0.738
4,0.6551950630096233,-0.0006582284128896498,0,0.628
5,0.030892858577123605,-0.020261942448002723,0,0.5660000000000001
6,0.9749011061590876,-0.01389074077023622,1,0.738
7,0.8162398404958794,-0.01389074077023622,1,0.8109999999999999
8,0.8537034420899424,-0.0006582284128896498,1,0.778
9,0.07148217733123866,6.48092004761347e-05,0,0.7090000000000001
10,0.012143765397900557,-0.023343403550265873,0,0.8320000000000001
11,0.9422844634972363,-0.01389074077023622,1,0.696
12,0.39168596154219876,0.010291844854199872,0,0.746
13,0.171356707640754,-0.0018799505817032047,0,0.444
14,0.15922080117867562,-0.013818936688978267,0,0.816
15,0.011032237567084309,-0.03249182770744352,0,0.755
16,0.021805701340713628,0.020041849977204818,0,0.774
17,0.13849112251080745,-0.0006582284128896498,0,0.8140000000000001
18,0.0738545425917044,-0.0018799505817030937,0,0.8029999999999999
19,0.516865783882171,-0.0018799505817033157,0,0.732
20,0.05234619956486227,-0.0018799505817032047,0,0.6
21,0.9324316444978437,-0.01389074077023622,1,0.5820000000000001
22,0.21730212304098642,-0.013818936688978267,0,0.765
23,0.0006121774231555147,-0.023343403550265873,0,0.867
24,0.4186807298576266,-0.0006582284128896498,1,0.7759999999999999
25,0.034773084412284445,-0.0018799505817032047,0,0.747
26,0.09131634519336321,-0.0018799505817032047,0,0.78
27,0.11382002823316306,-0.0018799505817032047,0,0.7070000000000001
28,0.09377917609888828,-0.0018799505817030937,0,0.542
29,0.010148848666178604,-0.03204295419685532,0,0.745
30,0.0260724456638201,-0.0018799505817032047,0,0.8
31,0.04633762409627964,-0.0018799505817032047,0,0.7859999999999999
32,0.7088340239001244,-0.0006582284128896498,0,0.8320000000000001
33,0.6815673290254551,0.010291844854199872,0,0.6940000000000001
34,0.054900607518388725,-0.0018799505817032047,1,0.743
35,0.6418438922790904,-0.0006582284128896498,0,0.657
36,0.0006206173947094656,-0.05236970584533418,0,0.818
37,0.1441186928419227,-0.0018799505817032047,0,0.7
38,0.02400215702206086,-0.020261942448002723,0,0.82
39,0.2386603703639774,-0.0006582284128896498,0,0.759
40,0.011823820681611122,-0.0018799505817032047,0,0.81
41,0.005917895853818222,-0.020261942448002723,0,0.769
42,0.14782543847679924,-0.0018799505817032047,0,0.636
43,0.03850561060334637,6.480920047602368e-05,0,0.612
44,0.26431081164714765,-0.0018799505817032047,0,0.687
45,0.7759927349353483,-0.0006582284128896498,0,0.608
46,0.09671593812569355,6.48092004761347e-05,0,0.716
47,0.8825813250698176,-0.0006582284128895388,1,0.557
48,0.07375949971687004,0.0008376578587014905,1,0.78
49,0.09268338848169137,-0.0006582284128896498,0,0.636
50,0.055177692477827944,-0.0202619424480025,0,0.87
51,0.8389006004924211,-0.0006582284128896498,0,0.722
52,0.933750338958218,-0.0006582284128897609,1,0.742
53,0.7305929573252764,-0.015112462939049776,1,0.799
54,0.6002052354485682,-0.013818936688978267,1,0.511
55,0.010654624316471826,-0.023343403550265873,0,0.78
56,0.9840780179977224,-0.01389074077023622,1,0.6759999999999999
57,0.001167084406331604,-0.023343403550265873,0,0.748
58,0.11465724306922796,-0.0018799505817032047,0,0.675
59,0.0035016023879272298,-0.05545116694759733,0,0.713
60,0.8927379760583226,-0.0006582284128897609,1,0.701
61,0.191820325605588,-0.0018799505817032047,0,0.887
62,0.00033714248140213616,-0.023343403550265873,0,0.8370000000000001
63,0.24700138967383625,-0.0018799505817033157,0,0.7509999999999999
64,0.00993387259380693,-0.020261942448002612,0,0.79
65,0.45506401277183045,-0.0006582284128896498,1,0.57
66,0.0003256105751501538,-0.019474106009851,0,0.8059999999999999
67,0.23774198540291386,-0.0018799505817032047,0,0.637
68,0.006494258545275824,-0.023343403550265873,0,0.7070000000000001
69,0.03281088200570504,-0.0030166519017871263,0,0.74
70,0.03939916154229297,-0.0018799505817032047,0,0.754
71,0.013274892585511514,0.0004037721280395479,0,0.7809999999999999
72,0.0010307701281876687,-0.020261942448002723,0,0.775
73,0.9296229390229895,-0.01389074077023622,1,0.748
74,0.0020800950425760617,-0.05236970584533396,0,0.797
75,0.032147075289461695,-0.00038406431011217546,0,0.8440000000000001
76,0.001954692419864224,-0.023343403550265873,0,0.8079999999999999
77,0.08378287892691048,-0.0018799505817033157,0,0.7959999999999999
78,0.08506585743917502,-0.0018799505817032047,0,0.847
79,0.04251374489903343,-0.0018799505817033157,0,0.747
80,0.005275602989836275,-0.05236970584533407,0,0.838
81,0.00031796675885161673,-0.05545116694759733,0,0.799
82,0.046612508802274154,-0.0202619424480025,0,0.8029999999999999
83,0.0006627280047703726,-0.023343403550265873,0,0.836
84,0.050068731127859006,-0.0018799505817030937,0,0.7040000000000001
85,0.01756614838455671,-0.020261942448002612,0,0.841
86,0.001210603442483247,-0.023343403550265873,0,0.8029999999999999
87,0.002456620733515432,-0.019474106009851,0,0.706
88,0.026868428196474236,-0.03204295419685532,0,0.6779999999999999
89,0.3494137307185157,-0.0018799505817032047,1,0.644
90,0.09880883852112363,-0.0018799505817033157,0,0.779
91,0.2030290788452453,-0.0006582284128896498,1,0.667
92,0.32592194534552643,-0.0018799505817032047,1,0.664
93,0.004678055809069299,-0.05236970584533407,0,0.7240000000000001
94,0.0054485747179675095,-0.023343403550265873,0,0.8270000000000001
95,2.870104278324447e-05,-0.019474106009851,0,0.762
96,0.00020113372555140396,-0.023343403550265873,0,0.743
97,0.92394500592179,-0.01389074077023622,1,0.647
98,0.9368006114235116,-0.0006582284128897609,1,0.6990000000000001
99,0.03094903607597845,-0.0018799505817032047,0,0.599
100,0.12859002739854325,-0.0018799505817032047,1,0.777
101,0.63158516093083,-0.0006582284128896498,1,0.723
102,0.0005234214697463122,-0.023343403550265873,0,0.853
103,0.0009833087176327816,-0.023343403550265873,0,0.821
104,0.015348254137763832,-0.01639264490758774,0,0.787
105,0.6315476917142174,-0.0006582284128896498,1,0.7829999999999999
106,0.052297534825462094,-0.0202619424480025,0,0.813
107,0.0016566748122655863,-0.023343403550265873,0,0.795
108,0.9954751677933859,-0.01389074077023622,1,0.737
109,0.12338697141680566,-0.0018799505817032047,0,0.8109999999999999
110,0.16398119748990078,-0.0018799505817030937,0,0.831
111,0.02518080385317885,-0.020261942448002723,0,0.826
112,0.0018131994836270006,-0.023343403550265873,0,0.638
113,0.03655180796753893,-0.030821232028041767,0,0.777
114,0.1623771040886147,-0.0018799505817032047,0,0.649
115,0.9958199985935886,-0.01389074077023622,1,0.642
116,0.0005594391133126628,-0.05545116694759733,0,0.907
117,0.08720842019549814,-0.0018799505817033157,0,0.721
118,0.2194903878230457,-0.0018799505817032047,1,0.585
119,0.05880866693525682,-0.0034655254123753254,0,0.8420000000000001
120,0.3518364845223319,-0.013818936688978267,1,0.778
121,0.03455230663784532,6.48092004761347e-05,0,0.833
122,0.9349792530620609,-0.01389074077023622,1,0.732
123,0.07376451728487277,-0.0018799505817032047,0,0.606
124,0.17722099213492715,-0.0018799505817032047,0,0.769
125,0.005330131574559228,-0.016392644907587628,0,0.728
126,0.10390813028417398,-0.0018799505817030937,0,0.627
127,0.036327159697137484,-0.0018799505817033157,0,0.627
128,0.10390813028417398,-0.0018799505817030937,0,0.627
129,0.036327159697137484,-0.0018799505817033157,0,0.627
130,0.7524505104263374,-0.015112462939049776,0,0.772
131,0.0001056815324326185,-0.05545116694759733,0,0.847
132,0.8701115058740223,-0.01389074077023622,0,0.7859999999999999
133,0.9985455063629527,-0.01389074077023622,1,0.467
134,0.6602717942094359,-0.0006582284128896498,0,0.375
135,0.00591001907262545,-0.023343403550265873,0,0.669
136,0.01564469257398846,-0.00038406431011206443,0,0.7559999999999999
137,0.032951480036092905,6.480920047602368e-05,0,0.711
138,0.00422053397583589,-0.023343403550265873,0,0.8240000000000001
139,0.10610270194838207,-0.0018799505817033157,0,0.66
140,0.9892846344701292,-0.013890740770236443,1,0.47
141,0.010371657006064206,-0.05236970584533407,0,0.732
142,0.004658247420769761,-0.023343403550265873,0,0.784
143,0.05539654233341626,-0.043981940304130385,0,0.8029999999999999
144,0.0027635361898302535,-0.048500408304919196,0,0.5589999999999999
145,0.532128378078982,-0.015112462939049776,1,0.883
146,0.012770389336819626,-0.0202619424480025,0,0.843
147,0.0021548071785680947,-0.023343403550265873,0,0.772
148,0.8952919716048486,-0.01389074077023622,1,0.625
149,0.039939784603738336,-0.0018799505817030937,0,0.797
150,0.0047628429034808,-0.023343403550265873,0,0.768
151,0.043110448435022646,-0.020261942448002612,0,0.785
152,0.8140880783069651,-0.0006582284128896498,0,0.528
153,0.08781354706512602,-0.0018799505817032047,0,0.757
154,0.0857514916806459,-0.0018799505817033157,0,0.764
155,0.9771901765294826,-0.01389074077023622,1,0.557
156,0.23785141098337617,-0.0018799505817032047,0,0.654
157,0.00016879382775026968,-0.019474106009851,0,0.7390000000000001
158,0.7877177924631982,-0.01389074077023622,1,0.664
159,0.001991549154388212,-0.0202619424480025,0,0.79
160,0.01920361724798622,-0.0034655254123753254,0,0.753
161,0.016814821057537534,-0.023343403550265873,0,0.84
162,0.9108605638343894,-0.01389074077023622,1,0.603
163,0.8894548637796579,0.011513567023013316,1,0.603
164,0.9108605638343894,-0.01389074077023622,1,0.603
165,0.8894548637796579,0.011513567023013316,1,0.603
166,0.06518866003426972,-0.0018799505817032047,0,0.7290000000000001
167,0.0006314245397897769,-0.023343403550265873,0,0.809
168,0.31002861166159096,-0.0018799505817032047,0,0.7020000000000001
169,3.1293955255316776e-05,-0.023343403550265873,0,0.815
170,0.011021915469480168,-0.020261942448002612,0,0.852
171,0.7151105703737094,-0.0006582284128896498,1,0.8220000000000001
172,0.5532062463394309,-0.0006582284128896498,1,0.619
173,0.029230015170770028,-0.0018799505817033157,0,0.799
174,0.15784472110298875,-0.0018799505817032047,0,0.799
175,0.8150843465158876,-0.027051449046324838,1,0.71
176,0.7461853921878568,0.011513567023013427,1,0.6709999999999999
177,0.0005276453476590967,-0.023343403550265873,0,0.847
178,0.9961093944657742,-0.01389074077023622,1,0.63
179,0.4415206243454008,-0.0006582284128896498,0,0.799
180,0.36347490466914184,-0.0018799505817032047,1,0.76
181,0.06115339212109879,-0.0018799505817030937,0,0.7
182,0.007460476496206029,-0.03557328880970678,0,0.857
183,0.05173941625012404,6.48092004761347e-05,0,0.812
184,0.12269149583793221,-0.0018799505817032047,0,0.695
185,0.5885074298594574,-0.015112462939049776,1,0.68
186,0.009448110342721501,-0.05236970584533407,0,0.815
187,0.06830395466904146,-0.0018799505817032047,0,0.691
188,0.002676921294889874,-0.023343403550265873,0,0.8220000000000001
189,0.9487158138772437,0.011513567023013316,1,0.562
190,0.05663879753181463,-0.032200928555277675,0,0.765
191,0.009455966362564502,-0.0018799505817030937,0,0.818
192,0.12855629623556084,-0.0018799505817032047,0,0.804
193,0.11237521855387486,-0.0018799505817032047,0,0.805
194,0.3996779440316201,-0.0006582284128896498,0,0.715
195,0.044911096038737795,-0.0018799505817032047,1,0.701
196,0.5622817638444075,-0.0018799505817032047,1,0.6709999999999999
197,0.23960412697592223,-0.0006582284128896498,1,0.696
198,0.08810516481429899,6.480920047602368e-05,0,0.81
199,0.18934834753961158,-0.0018799505817032047,1,0.659
200,0.04582363109245903,-0.0018799505817032047,0,0.67
201,0.2512328067460437,-0.0006582284128896498,1,0.738
202,0.016794507255664552,-0.0202619424480025,0,0.816
203,0.17621972018768448,-0.0018799505817032047,0,0.858
204,0.05374951647584533,-0.0018799505817033157,0,0.621
205,0.0037351394726877454,-0.023343403550265873,0,0.7959999999999999
206,0.03371375559716842,-0.0018799505817032047,0,0.8270000000000001
207,0.023927886732423,-0.020261942448002612,0,0.779
208,0.03440629833814093,6.48092004761347e-05,0,0.779
209,0.003481744806848533,-0.023343403550265873,0,0.7879999999999999
210,0.03454990504911338,-0.00038406431011217546,0,0.728
211,0.03434473972145314,-0.020261942448002612,0,0.728
212,0.03454990504911338,-0.00038406431011217546,0,0.728
213,0.03434473972145314,-0.020261942448002612,0,0.728
214,0.34759177098959365,-0.0018799505817032047,0,0.659
215,0.27558681041986677,-0.0006582284128896498,0,0.755
216,0.020964063195872636,-0.020261942448002723,0,0.765
217,0.5895467120509437,-0.0006582284128896498,1,0.716
218,0.04550437097199386,-0.0006582284128896498,0,0.62
219,0.6572865068624565,-0.015112462939049776,1,0.6970000000000001
220,0.00917513828196146,-0.05236970584533407,0,0.825
221,0.9940984079412908,-0.01389074077023622,1,0.5870000000000001
222,0.0008806658031821852,-0.05545116694759733,0,0.773
223,0.1101524873123133,-0.0018799505817032047,0,0.7929999999999999
224,0.19120211035879744,-0.0018799505817032047,0,0.635
225,0.885802995172029,-0.027051449046324838,1,0.568
226,0.009596062820956347,-0.0030166519017871263,0,0.8029999999999999
227,0.3971101856018294,-0.0006582284128896498,1,0.6990000000000001
228,0.015575396128120879,-0.03204295419685532,0,0.797
229,0.0031236671052667616,-0.05545116694759733,0,0.8
230,0.006418786850249329,-0.05236970584533396,0,0.778
231,0.009342244657434157,-0.023343403550265873,0,0.8320000000000001
232,0.1344475533416908,-0.0018799505817032047,0,0.735
233,0.46464596077475934,-0.0006582284128896498,1,0.741
234,0.010394752653216299,-0.03249182770744352,0,0.8390000000000001
235,0.4003026121390563,-0.0006582284128896498,0,0.755
236,0.0011664936338285148,-0.023343403550265873,0,0.851
237,0.0959172239653078,-0.0018799505817033157,0,0.77
238,0.77943222972335,-0.01389074077023622,1,0.5660000000000001
239,0.018254351283840956,-0.023343403550265873,0,0.7829999999999999
240,0.029596390393722454,-0.044430813814718584,0,0.867
241,0.12147920024902042,-0.0018799505817032047,0,0.539
242,0.3161381122646063,-0.0006582284128896498,1,0.7
243,0.7839193573686045,-0.002447708072771171,1,0.485
244,0.1723994686202799,-0.0018799505817032047,0,0.7090000000000001
245,0.2413330346765386,-0.013818936688978267,0,0.777
246,0.23191524873847616,-0.0018799505817033157,0,0.799
247,0.02191113974553697,-0.035282389657540825,0,0.855
248,0.33985287855403057,-0.0006582284128896498,0,0.644
249,0.003436344005264182,-0.01639264490758785,0,0.767
250,0.03552266298406611,-0.0018799505817030937,0,0.797
251,0.7110842124148002,-0.0018799505817032047,1,0.68
252,0.07182127977845554,6.48092004761347e-05,0,0.73
253,0.059902728842736085,-0.0018799505817032047,0,0.768
254,0.776852970745723,-0.0006582284128896498,1,0.711
255,0.4835598803443251,-0.013818936688978267,1,0.583
256,0.011848613501586662,-0.05236970584533407,0,0.754
257,0.05360537793515462,-0.00038406431011206443,0,0.847
258,0.011869317291647351,-0.03204295419685532,0,0.802
259,0.203332249968653,-0.0006582284128896498,0,0.6859999999999999
260,0.08791081941930819,-0.0018799505817030937,0,0.741
261,0.16785940573515137,-0.0018799505817032047,0,0.727
262,0.09891042399687497,-0.0018799505817030937,0,0.828
263,0.26319951104459177,-0.0018799505817032047,0,0.809
264,0.031735351146158795,6.48092004761347e-05,0,0.7509999999999999
265,0.325839637525359,-0.0018799505817032047,0,0.84
266,0.8811288588727849,-0.0006582284128897609,1,0.494
267,0.637769146442981,-0.002447708072771171,1,0.7170000000000001
268,0.015221079722532204,-0.0018799505817032047,0,0.685
269,0.5599375437087198,-0.0006582284128896498,1,0.621
270,0.2744463948216667,-0.0006582284128896498,1,0.66
271,0.8785737125571429,-0.001225985903957616,1,0.691
272,0.0025424317160282583,-0.023343403550265873,0,0.818
273,0.9858983214264324,-0.01389074077023622,1,0.475
274,0.002388167993628839,-0.023343403550265873,0,0.774
275,0.6786657172637902,-0.0006582284128895388,1,0.743
276,0.6192241245500076,-0.0006582284128896498,1,0.7759999999999999
277,0.033697328619138524,-0.032200928555277675,0,0.835
278,0.10705851867129174,-0.0006582284128896498,0,0.715
279,0.0016146462557051439,-0.05545116694759733,0,0.8170000000000001
280,0.0026765412066436923,-0.023343403550265873,0,0.8059999999999999
281,0.035033011340993174,-0.0018799505817032047,0,0.877
282,0.08336257432107229,-0.0018799505817032047,0,0.727
283,0.003622990352573292,-0.019474106009851,0,0.8240000000000001
284,0.08169279694141421,-0.0018799505817032047,0,0.858
285,0.021153288463818455,-0.0202619424480025,0,0.7
286,0.19142840558487734,-0.0006582284128896498,0,0.785
287,0.007986463100704857,-0.05545116694759733,1,0.613
288,1.3080840991551415e-05,-0.019474106009851,0,0.777
289,0.004672069586794437,-0.023343403550265873,0,0.778
290,0.00018926991758610212,-0.023343403550265873,0,0.77
291,0.009429455053174177,-0.03204295419685532,0,0.7190000000000001
292,0.15795080701923322,-0.0018799505817032047,1,0.585
293,0.3309641393600984,-0.0018799505817032047,0,0.772
294,0.4685770664204486,-0.0018799505817032047,0,0.858
295,0.913376719759278,-0.0006582284128895388,1,0.809
296,0.19627558140621065,-0.0018799505817032047,1,0.767
297,0.045544642702372906,-0.0018799505817033157,0,0.5489999999999999
298,0.004345906900143267,-0.023343403550265873,0,0.893
299,0.1127477997711462,-0.0018799505817032047,0,0.7190000000000001
300,0.06943101437980825,-0.013818936688978267,0,0.794
301,0.9843686748370407,-0.01389074077023622,1,0.7959999999999999
302,0.2790846863624244,-0.0006582284128896498,0,0.828
303,7.758405119206774e-05,-0.023343403550265873,0,0.768
304,0.006142579498018542,-0.020261942448002612,0,0.731
305,0.39164514602287276,-0.0006582284128896498,0,0.527
306,0.5107475326475569,-0.0018799505817032047,1,0.68
307,0.01583356592028667,-0.0202619424480025,0,0.7929999999999999
308,0.002289314003337191,-0.020261942448002723,0,0.611
309,0.06795419243334988,-0.013818936688978267,0,0.7290000000000001
310,0.07729769985915111,0.0012865313692896896,0,0.7659999999999999
311,0.0556105876989205,-0.0018799505817030937,0,0.62
312,0.02496560935503114,-0.0018799505817030937,0,0.62
313,0.0556105876989205,-0.0018799505817030937,0,0.62
314,0.02496560935503114,-0.0018799505817030937,0,0.62
315,0.0003194149428697054,-0.019474106009851,0,0.755
316,0.6183872754502564,-0.0006582284128896498,0,0.746
317,0.0005080669602287269,-0.023343403550265873,0,0.721
318,0.0049342076373198014,-0.016392644907587628,0,0.82
319,0.1882048792153309,-0.0018799505817032047,0,0.659
320,0.5596210595902728,-0.0018799505817032047,0,0.534
321,0.00038902273895034453,-0.023343403550265873,0,0.711
322,0.1672077840714686,-0.0018799505817033157,0,0.741
323,0.01224449460775758,-0.0018799505817032047,0,0.785
324,0.0021655763260834842,-0.05545116694759733,0,0.826
325,0.0006350665562182712,-0.023343403550265873,0,0.764
326,0.02958827569503474,-0.0018799505817033157,0,0.7759999999999999
327,0.01745671056118973,-0.03204295419685532,0,0.8240000000000001
328,0.9725054636967454,-0.01389074077023622,1,0.595
329,0.04588138658999339,-0.0018799505817032047,0,0.6579999999999999
330,0.010694359770090813,-0.019474106009851,0,0.7759999999999999
331,0.24783762274215132,-0.0018799505817032047,0,0.772
332,0.5463753893236842,-0.0006582284128896498,0,0.705
333,0.006140602985371112,-0.020261942448002612,0,0.879
334,0.030429286375329517,-0.0034655254123753254,0,0.775
335,0.20523005232744737,-0.0018799505817032047,1,0.74
336,0.07782448287133958,-0.0018799505817032047,0,0.879
337,0.9148991712284315,-0.01389074077023622,1,0.574
338,0.012812524832986586,-0.030821232028041767,0,0.84
339,0.00039788358172300725,-0.023343403550265873,0,0.858
340,0.6619571175088337,-0.0006582284128896498,0,0.736
341,0.3994808940254137,-0.0018799505817032047,0,0.815
342,0.06522988464731523,-0.0018799505817032047,0,0.8290000000000001
343,0.7571384301900421,-0.0006582284128896498,1,0.7040000000000001
344,0.011666795112486203,-0.0018799505817032047,0,0.8029999999999999
345,0.07829134582682869,-0.0018799505817033157,0,0.742
346,0.2696129782842175,-0.0006582284128896498,0,0.7759999999999999
347,0.09450565637052548,-0.0018799505817032047,0,0.763
348,0.009298460360722021,-0.05545116694759733,0,0.63
349,0.0010692842955790064,-0.023343403550265873,0,0.816
350,0.04039468162667542,-0.013818936688978267,0,0.71
351,0.02892958518177699,-0.0018799505817032047,0,0.7509999999999999
352,0.848942755839158,-0.0006582284128897609,1,0.706
353,0.18009041122253386,-0.0018799505817032047,1,0.785
354,0.023955408819003095,-0.023343403550265873,0,0.725
355,0.6315185243295042,0.020041849977204818,1,0.847
356,0.011030258194986287,-0.020261942448002612,0,0.764
357,0.004634746179068599,-0.020261942448002612,0,0.764
358,0.011030258194986287,-0.020261942448002612,0,0.764
359,0.004634746179068599,-0.020261942448002612,0,0.764
360,0.16101555179040647,-0.0006582284128896498,0,0.6709999999999999
361,0.0004023690017708625,-0.023343403550265873,0,0.815
362,0.0007785099362717522,-0.0202619424480025,0,0.81
363,0.1785476482891262,0.020041849977204818,0,0.867
364,0.8590787719559242,-0.01389074077023622,1,0.773
365,0.29061733214491514,-0.0018799505817032047,1,0.7
366,0.041394496835104835,-0.0018799505817032047,0,0.877
367,0.9847247742586369,-0.01389074077023622,1,0.583
368,0.9002710129758696,-0.01389074077023622,1,0.74
369,0.6487437700343723,-0.0006582284128896498,0,0.6629999999999999
370,0.9502800436632375,-0.01389074077023622,1,0.6579999999999999
371,0.013531628328499,-0.0006582284128896498,0,0.701
372,0.9313169737946781,-0.01389074077023622,1,0.586
373,0.13873593108272253,-0.0018799505817032047,0,0.7659999999999999
374,0.03759801248189366,6.48092004761347e-05,0,0.7909999999999999
375,0.16969225562855478,-0.0006582284128896498,1,0.7829999999999999
376,0.10281299841458913,-0.0018799505817033157,0,0.764
377,0.0007414634656263598,-0.035282389657540936,0,0.8640000000000001
378,0.045088763828853316,-0.013818936688978267,0,0.708
379,0.042720216395577,-0.0018799505817032047,1,0.713
380,0.48809869501182623,-0.001225985903957616,0,0.755
381,0.5054808749015884,-0.0006582284128896498,0,0.755
382,0.0006746876589716097,-0.023343403550265873,0,0.873
383,0.005253841240738235,-0.023343403550265873,0,0.8220000000000001
384,0.00823315930350388,-0.023343403550265873,0,0.63
385,0.23008840779477216,-0.0006582284128896498,1,0.5429999999999999
386,0.32595661431022427,-0.0006582284128895388,1,0.5720000000000001
387,0.016500051686611502,-0.023343403550265873,0,0.84
388,0.10847092594222492,-0.0018799505817030937,0,0.7929999999999999
389,0.6993673663602081,-0.0006582284128896498,1,0.752
390,0.1810323639105263,-0.0018799505817032047,0,0.743
391,0.33185505521412784,-0.0006582284128896498,1,0.7440000000000001
392,0.1013925740976872,-0.0018799505817032047,0,0.8370000000000001
393,0.00021199563853344086,-0.023343403550265873,0,0.63
394,0.00130323226228743,-0.023343403550265873,0,0.738
395,0.0019166338924993427,-0.023343403550265873,0,0.742
396,0.0621061269801992,-0.0018799505817032047,0,0.823
397,0.0008866934249554926,-0.05545116694759733,0,0.809
398,0.4737913764427727,-0.0018799505817032047,1,0.743
399,0.3254263945052053,-0.0006582284128896498,0,0.741
400,0.0023851583724547984,-0.023343403550265873,0,0.799
401,0.36711247093184435,-0.0018799505817033157,1,0.74
402,0.1007525595385315,6.48092004761347e-05,0,0.838
403,0.003657790181796075,-0.023343403550265873,0,0.892
404,0.826342230811949,0.011513567023013427,1,0.6940000000000001
405,0.02216753310487198,-0.0018799505817032047,0,0.7070000000000001
406,0.0006146740802507367,-0.023343403550265873,0,0.862
407,0.016661977818924405,-0.0202619424480025,0,0.6459999999999999
408,0.06211127039979411,-0.0018799505817030937,0,0.46799999999999997
409,0.11533918921287713,-0.0006582284128896498,0,0.688
410,0.092488626230726,-0.0018799505817032047,0,0.7859999999999999
411,5.731709436381139e-05,-0.019474106009851,0,0.7959999999999999
412,0.7091762608948252,0.011513567023013427,0,0.505
413,0.011124639296796676,-0.0018799505817032047,0,0.779
414,0.005337800524862081,-0.023343403550265873,0,0.8290000000000001
415,0.01196985644968795,-0.023343403550265873,0,0.835
416,0.014243319579019854,-0.020261942448002612,0,0.8
417,0.00586673207495323,-0.05545116694759733,0,0.8140000000000001
418,0.12475227710726353,-0.013818936688978267,0,0.703
419,0.16504955707838442,-0.0018799505817032047,0,0.706
420,0.020814611756467528,-0.0018799505817032047,0,0.799
421,0.9344309503106117,-0.027051449046324838,1,0.5529999999999999
422,0.03631835628601041,-0.0018799505817033157,0,0.687
423,0.14174905526137294,-0.0006582284128896498,1,0.7829999999999999
424,0.005914533615959019,-0.023343403550265873,0,0.831
425,0.24210068084740918,-0.0006582284128896498,0,0.757
426,0.0014889285922186557,-0.023343403550265873,0,0.7909999999999999
427,0.002545151973985586,-0.023343403550265873,0,0.8340000000000001
428,0.012061104652467281,-0.0018799505817032047,0,0.764
429,0.5964441770704623,0.010291844854199872,1,0.782
430,0.15103371960720713,-0.0006582284128896498,0,0.823
431,0.018213214876412986,-0.0030166519017871263,0,0.794
432,0.94970069944867,-0.01389074077023622,1,0.767
433,0.08052467052664361,-0.013818936688978267,0,0.7859999999999999
434,0.12673206538607357,0.020041849977204818,0,0.633
435,0.03383412202529011,6.48092004761347e-05,0,0.777
436,0.7314953519959023,-0.0006582284128896498,1,0.69
437,0.15735678916554016,-0.0018799505817032047,0,0.632
438,0.11468060390456317,-0.0018799505817030937,0,0.733
439,0.2679346148287661,-0.0006582284128896498,0,0.6609999999999999
440,0.11690555442772921,-0.0006582284128896498,1,0.7829999999999999
441,0.0028377521199170258,-0.023343403550265873,0,0.7140000000000001
442,0.0252751645546187,-0.0018799505817033157,0,0.8440000000000001
443,0.07698294734722788,6.480920047624572e-05,0,0.6990000000000001
444,0.012116644672941143,-0.0018799505817032047,0,0.6920000000000001
445,0.6166270063054584,-0.0006582284128896498,0,0.8440000000000001
446,0.5522013931865222,-0.0006582284128896498,0,0.7659999999999999
447,0.03808177800408628,-0.020261942448002612,0,0.8140000000000001
448,0.26977439571896256,-0.0018799505817033157,0,0.685
449,0.466442310070876,-0.0006582284128896498,1,0.7609999999999999
450,0.025798064345238722,-0.020261942448002612,0,0.8240000000000001
451,0.7235463262488825,-0.0006582284128896498,0,0.723
452,0.20253057010488149,-0.0006582284128896498,0,0.642
453,0.6527544453717314,-0.0006582284128896498,0,0.6890000000000001
454,0.001279143784996542,-0.05236970584533407,0,0.665
455,0.004457454865125967,-0.023343403550265873,0,0.8440000000000001
456,0.002406248644157439,-0.023343403550265873,0,0.6609999999999999
457,0.3120177991219053,-0.0018799505817032047,0,0.732
458,0.00015686782514177046,-0.023343403550265873,0,0.872
459,0.3913034265859365,-0.0018799505817032047,0,0.609
460,0.11804741052384395,6.480920047624572e-05,0,0.848
461,0.01567299874865708,-0.0018799505817030937,0,0.7070000000000001
462,0.06770760093392557,-0.0018799505817032047,0,0.747
463,0.01009271565488559,-0.023343403550265873,0,0.83
464,0.16350989075514474,-0.013818936688978267,0,0.672
465,0.0062322430269571,-0.020261942448002723,0,0.716
466,0.776020469706633,-0.0006582284128896498,0,0.7709999999999999
467,0.03457430512077946,-0.00038406431011217546,0,0.778
468,0.010022808419772652,-0.023343403550265873,0,0.8009999999999999
469,0.5476079550498347,-0.0006582284128896498,0,0.636
470,0.056691299522189535,-0.020261942448002612,0,0.782
471,0.906464304781998,-0.01389074077023622,1,0.557
472,0.846709841700482,-0.01389074077023622,1,0.718
473,0.00011366802548731707,-0.023343403550265873,0,0.8079999999999999
474,0.18634561263437743,-0.0018799505817032047,0,0.787
475,0.027124506738528127,-0.020261942448002723,0,0.6920000000000001
476,0.34747456711272634,-0.0006582284128896498,1,0.772
477,0.7800491744662242,-0.001225985903957616,0,0.691
478,0.244289262489505,-0.0018799505817032047,1,0.58
479,0.9601276565474167,-0.01389074077023622,1,0.7559999999999999
480,0.13291942062417234,-0.0018799505817032047,0,0.765
481,0.0003448285316676475,-0.05545116694759733,0,0.77
482,0.5399746132012448,-0.0006582284128895388,1,0.8170000000000001
483,0.338624255651988,0.020041849977204818,1,0.8170000000000001
484,0.5399746132012448,-0.0006582284128895388,1,0.8170000000000001
485,0.338624255651988,0.020041849977204818,1,0.8170000000000001
486,0.0004113297025149443,-0.023343403550265873,0,0.84
487,0.05927724065369331,-0.0018799505817030937,0,0.773
488,0.01183173733417995,-0.0030166519017871263,0,0.779
489,0.03528098406116468,-0.0018799505817032047,0,0.78
490,0.24102667874948086,-0.0018799505817032047,0,0.726
491,0.5694854762715617,-0.0018799505817032047,0,0.698
492,0.0030949924213138406,-0.023343403550265873,0,0.703
493,0.0026478080396516277,-0.023343403550265873,0,0.812
494,0.11966068866380188,-0.013818936688978267,0,0.7909999999999999
495,0.053335652965675,-0.0018799505817033157,0,0.7020000000000001
496,0.7710555715888345,-0.015112462939049776,1,0.8170000000000001
497,0.0023682481828802707,-0.05545116694759733,0,0.826
498,0.0071349508799527905,-0.023343403550265873,0,0.79
499,0.1394766632510201,-0.0006582284128896498,0,0.7490000000000001
500,0.005980196226177246,-0.023343403550265873,0,0.825
501,0.016238038794060095,-0.03249182770744352,0,0.7879999999999999
502,0.98114501862757,-0.015112462939049776,1,0.603
503,0.2884390124381952,-0.0018799505817032047,1,0.643
504,0.3944580646158142,-0.0018799505817032047,0,0.7829999999999999
505,0.026535750020405813,-0.020261942448002612,0,0.833
506,0.5873586176737846,-0.015112462939049776,0,0.8079999999999999
507,0.004930093917162786,-0.0202619424480025,0,0.8220000000000001
508,0.1768730767877844,-0.0018799505817032047,0,0.7190000000000001
509,0.8560149902012548,-0.01389074077023622,0,0.74
510,0.4503163153917155,-0.0018799505817032047,0,0.755
511,0.025564759478882367,-0.032200928555277675,0,0.767
512,0.06097147032651961,6.480920047602368e-05,0,0.784
513,0.04424597119407233,6.48092004761347e-05,0,0.659
514,0.44237355689832836,-0.0006582284128896498,0,0.71
515,0.007061573486635067,-0.05236970584533429,0,0.537
516,0.17631275856542825,-0.0006582284128896498,0,0.657
517,0.8535071667126537,-0.013818936688978267,1,0.716
518,0.9828994621554419,-0.01389074077023622,1,0.642
519,0.020575440255731228,-0.0018799505817032047,0,0.603
520,0.017701432386212832,-0.044430813814718584,0,0.674
521,0.5654908507569787,-0.015112462939049776,1,0.674
522,0.21682706798554321,-0.0018799505817032047,0,0.584
523,0.01111910185977821,-0.023343403550265873,0,0.792
524,0.019872202343832426,6.480920047602368e-05,0,0.647
525,0.04454100438665432,-0.0018799505817032047,0,0.667
526,0.10658226036325506,-0.0018799505817033157,0,0.836
527,0.04530118695210021,-0.0018799505817032047,0,0.742
528,0.30252945330444125,-0.0018799505817032047,0,0.563
529,0.31677814249084285,-0.0006582284128896498,1,0.764
530,0.22399085185845394,-0.0018799505817033157,1,0.7290000000000001
