,g,Q,t,y
0,0.8806803530139191,0.0,1,0.66
1,0.5297543752642121,0.0,0,0.759
2,0.8823437775635228,-0.01306380601007251,1,0.5479999999999999
3,0.6840870035475868,0.0,1,0.738
4,0.5432922216540549,0.04852230373316502,0,0.628
5,0.01638616804731956,-0.043042291686644085,0,0.5660000000000001
6,0.8176829259861969,0.04632377326231041,1,0.738
7,0.8133646781089227,0.0,1,0.8109999999999999
8,0.8359578600967726,0.012293953622902531,1,0.778
9,0.04323602394415127,-0.04920491070625188,0,0.7090000000000001
10,0.010761637404878994,-0.051854322950258824,0,0.8320000000000001
11,0.8411685476414454,-0.0021985304708546094,1,0.696
12,0.5180122508566787,-0.01306380601007251,0,0.746
13,0.16847844826460934,-0.012687912497472364,0,0.444
14,0.07438082973993071,-0.012687912497472364,0,0.816
15,0.02711111215738195,-0.04920491070625188,0,0.755
16,0.23894929315609628,-0.01306380601007251,0,0.774
17,0.2768723561256568,-0.01306380601007251,0,0.8140000000000001
18,0.03338753552541113,-0.01885053151708016,0,0.8029999999999999
19,0.2599965860850934,0.0,0,0.732
20,0.02308230052923558,-0.01885053151708016,0,0.6
21,0.7806888863946277,-0.01306380601007251,1,0.5820000000000001
22,0.1050196657228789,-0.012687912497472364,0,0.765
23,0.000690874779333514,-0.012791191315951633,0,0.867
24,0.44839271884642573,0.0,1,0.7759999999999999
25,0.13542063871713902,-0.025751718507544874,0,0.747
26,0.08887676685211575,-0.028844898521098505,0,0.78
27,0.058496522849108286,-0.01885053151708016,0,0.7070000000000001
28,0.1994953087266101,-0.006162619019607796,0,0.542
29,0.06320467180800499,-0.056106097696716595,0,0.745
30,0.18180375420432127,-0.025751718507544874,0,0.8
31,0.016604924700990554,-0.012687912497472364,0,0.7859999999999999
32,0.6815643306375545,0.0,0,0.8320000000000001
33,0.5899469217593409,0.0,0,0.6940000000000001
34,0.13695242999391088,-0.01306380601007251,1,0.743
35,0.7086166978160142,0.012293953622902531,0,0.657
36,0.002127930255550913,-0.01014177907194469,0,0.818
37,0.14401524379640082,-0.012687912497472364,0,0.7
38,0.017702871183824714,-0.04920491070625188,0,0.82
39,0.3560569550810213,0.0,0,0.759
40,0.022156394260715487,-0.012687912497472364,0,0.81
41,0.013380552908370445,-0.01014177907194469,0,0.769
42,0.20066194031799645,-0.012687912497472364,0,0.636
43,0.038463111095727816,-0.01014177907194469,0,0.612
44,0.21919109816921853,0.0,0,0.687
45,0.8275291799146223,0.012293953622902531,0,0.608
46,0.047116558263770675,-0.04920491070625188,0,0.716
47,0.7572129406974961,-0.01306380601007251,1,0.557
48,0.0968744919253553,0.0025461334255276746,1,0.78
49,0.12376012346408839,0.04852230373316502,0,0.636
50,0.022897768791475613,-0.04920491070625188,0,0.87
51,0.7409048520257584,0.0,0,0.722
52,0.6103907635034985,0.0013333903045229523,1,0.742
53,0.6304590368736338,0.0,1,0.799
54,0.4029830682032241,0.0,1,0.511
55,0.005916830931806835,-0.04569170393065103,0,0.78
56,0.887666054755926,-0.0021985304708546094,1,0.6759999999999999
57,0.0006406660348736212,-0.04569170393065103,0,0.748
58,0.15964022617811316,-0.012687912497472364,0,0.675
59,0.011250237798116965,-0.051854322950258824,0,0.713
60,0.5920595988870613,-0.01306380601007251,1,0.701
61,0.11516927711033734,-0.025751718507544874,0,0.887
62,0.0006168592421681202,-0.012791191315951633,0,0.8370000000000001
63,0.14504342929799727,-0.006162619019607796,0,0.7509999999999999
64,0.012514040103065494,-0.01014177907194469,0,0.79
65,0.4786837471466001,0.0,1,0.57
66,0.0008414252558185084,-0.012791191315951633,0,0.8059999999999999
67,0.49995770360267466,-0.01306380601007251,0,0.637
68,0.007229219518036667,-0.012791191315951633,0,0.7070000000000001
69,0.022707489645608887,-0.04569170393065103,0,0.74
70,0.06328236944700887,-0.01885053151708016,0,0.754
71,0.01415804729418147,-0.051854322950258824,0,0.7809999999999999
72,0.0022396348962492206,-0.01014177907194469,0,0.775
73,0.9289766040732569,0.0,1,0.748
74,0.012617221653110293,-0.04920491070625188,0,0.797
75,0.024064951834469127,-0.01014177907194469,0,0.8440000000000001
76,0.003186878844637699,-0.012791191315951633,0,0.8079999999999999
77,0.034307736851595896,-0.01885053151708016,0,0.7959999999999999
78,0.17081582812018417,-0.041908704531171015,0,0.847
79,0.10263964507654945,-0.01885053151708016,0,0.747
80,0.02726596806921419,-0.056106097696716595,0,0.838
81,0.0012602538499417895,-0.012791191315951633,0,0.799
82,0.01881639964583835,-0.04920491070625188,0,0.8029999999999999
83,0.002034777395727014,-0.012791191315951633,0,0.836
84,0.050451149354592814,-0.012687912497472364,0,0.7040000000000001
85,0.010202100381792714,-0.01014177907194469,0,0.841
86,0.002350884912013727,-0.012791191315951633,0,0.8029999999999999
87,0.006939715692360845,-0.012791191315951633,0,0.706
88,0.04383702407431294,-0.04920491070625188,0,0.6779999999999999
89,0.5568007917204572,-0.01306380601007251,1,0.644
90,0.06221039530880192,-0.012687912497472364,0,0.779
91,0.30818809284722937,0.0,1,0.667
92,0.5327050518630249,-0.01306380601007251,1,0.664
93,0.023691345705685336,-0.04920491070625188,0,0.7240000000000001
94,0.010725601611719659,-0.012791191315951633,0,0.8270000000000001
95,0.00010000328047734118,-0.012791191315951633,0,0.762
96,0.0004098021831195793,-0.012791191315951633,0,0.743
97,0.873727941401383,0.0,1,0.647
98,0.7659868895897001,-0.01306380601007251,1,0.6990000000000001
99,0.0977771837478583,-0.012687912497472364,0,0.599
100,0.1713627815359168,-0.012687912497472364,1,0.777
101,0.6395732346328287,0.0,1,0.723
102,0.0004486194271232323,-0.012791191315951633,0,0.853
103,0.002387238386539557,-0.012791191315951633,0,0.821
104,0.027638942511704446,-0.04920491070625188,0,0.787
105,0.5266304930648876,0.0,1,0.7829999999999999
106,0.02083209845998805,-0.04920491070625188,0,0.813
107,0.0011476500652661092,-0.012791191315951633,0,0.795
108,0.9806417534394339,0.010095423152047922,1,0.737
109,0.2837175824441121,-0.006162619019607796,0,0.8109999999999999
110,0.07248669124370952,-0.01885053151708016,0,0.831
111,0.00964451809868273,-0.04920491070625188,0,0.826
112,0.004054438169030418,-0.012791191315951633,0,0.638
113,0.11437145235751221,-0.04341818519924423,0,0.777
114,0.16457281599787482,-0.012687912497472364,0,0.649
115,0.990207308016856,0.010095423152047922,1,0.642
116,0.0009630535977856164,-0.012791191315951633,0,0.907
117,0.04122609244728532,-0.012687912497472364,0,0.721
118,0.23974696075921983,-0.012687912497472364,1,0.585
119,0.01857749888943973,-0.051854322950258824,0,0.8420000000000001
120,0.26739214181621285,-0.006162619019607796,1,0.778
121,0.039750318461588705,-0.01014177907194469,0,0.833
122,0.772727982837804,-0.01306380601007251,1,0.732
123,0.15365876687676985,-0.025751718507544874,0,0.606
124,0.23871794027074728,-0.01306380601007251,0,0.769
125,0.006344080044685845,-0.04920491070625188,0,0.728
126,0.08029264565535783,-0.01885053151708016,0,0.627
127,0.07309164551059166,-0.012687912497472364,0,0.627
128,0.08029264565535783,-0.01885053151708016,0,0.627
129,0.07309164551059166,-0.012687912497472364,0,0.627
130,0.6924070561391734,0.0,0,0.772
131,8.627567366771799e-05,-0.012791191315951744,0,0.847
132,0.8297134990924621,0.0,0,0.7859999999999999
133,0.9937259504094544,0.010095423152047867,1,0.467
134,0.7403387591180265,0.012293953622902531,0,0.375
135,0.0023550508102105454,-0.051854322950258824,0,0.669
136,0.045825907131112155,-0.01014177907194469,0,0.7559999999999999
137,0.032555989749820075,-0.01014177907194469,0,0.711
138,0.0036089451619624163,-0.012791191315951633,0,0.8240000000000001
139,0.07154638032953362,-0.01885053151708016,0,0.66
140,0.9763045746419642,0.010095423152047922,1,0.47
141,0.019189704061761945,-0.056106097696716595,0,0.732
142,0.006430436127056762,-0.012791191315951633,0,0.784
143,0.0718904636408437,-0.04341818519924423,0,0.8029999999999999
144,0.025392791112726916,-0.04920491070625188,0,0.5589999999999999
145,0.6876703030757079,0.0047026565196101044,1,0.883
146,0.00864010205499579,-0.04920491070625188,0,0.843
147,0.0005545375926166866,-0.04569170393065103,0,0.772
148,0.7860129517436012,0.0,1,0.625
149,0.08942741193874773,-0.01885053151708016,0,0.797
150,0.006282787606606199,-0.012791191315951633,0,0.768
151,0.03378463132264447,-0.056106097696716595,0,0.785
152,0.7107543688009259,0.0,0,0.528
153,0.15227540420195093,-0.012687912497472364,0,0.757
154,0.03050693379064636,-0.01885053151708016,0,0.764
155,0.9515156581440086,0.010095423152047922,1,0.557
156,0.22739004699500018,-0.012687912497472364,0,0.654
157,0.0005294245402480518,-0.012791191315951633,0,0.7390000000000001
158,0.8146575109122787,0.0,1,0.664
159,0.002624739497184839,-0.01014177907194469,0,0.79
160,0.014283703159998605,-0.012791191315951633,0,0.753
161,0.004996861293512153,-0.051854322950258824,0,0.84
162,0.7604232824444329,-0.01306380601007251,1,0.603
163,0.6874101341248757,0.0013333903045229523,1,0.603
164,0.7604232824444329,-0.01306380601007251,1,0.603
165,0.6874101341248757,0.0013333903045229523,1,0.603
166,0.14322306791223727,-0.01885053151708016,0,0.7290000000000001
167,0.002033712409512607,-0.012791191315951633,0,0.809
168,0.14783423342601262,-0.025751718507544874,0,0.7020000000000001
169,6.790333758919212e-05,-0.012791191315951522,0,0.815
170,0.010651740815855881,-0.043042291686644085,0,0.852
171,0.6643195588834326,0.0,1,0.8220000000000001
172,0.6156206963251424,0.014397196314595462,1,0.619
173,0.04428082896589735,-0.01885053151708016,0,0.799
174,0.5397032218944766,-0.02922079203369865,0,0.799
175,0.6028472277731086,0.0,1,0.71
176,0.6573017078190159,0.0,1,0.6709999999999999
177,0.0010348629370647545,-0.012791191315951633,0,0.847
178,0.9684456306062783,0.012198665843740852,1,0.63
179,0.6361128311994484,-0.01306380601007251,0,0.799
180,0.2908643549130142,0.0,1,0.76
181,0.02387366198017351,-0.01885053151708016,0,0.7
182,0.01672437376131169,-0.012791191315951633,0,0.857
183,0.056214628562346575,-0.07226308372034274,0,0.812
184,0.18198107622496856,-0.012687912497472364,0,0.695
185,0.633107741190766,0.0,1,0.68
186,0.02878440921286967,-0.056106097696716595,0,0.815
187,0.1018614246333327,-0.025751718507544874,0,0.691
188,0.004529386040648633,-0.012791191315951633,0,0.8220000000000001
189,0.8767193084361864,-0.0007698523871699781,1,0.562
190,0.011974779707796614,-0.043042291686644085,0,0.765
191,0.029421504657682895,-0.01885053151708016,0,0.818
192,0.37520380441658585,-0.01306380601007251,0,0.804
193,0.057491870925374416,-0.012687912497472364,0,0.805
194,0.4472596407061459,0.0,0,0.715
195,0.08579716174282181,-0.025751718507544874,1,0.701
196,0.5474865333829994,-0.01615698602362614,1,0.6709999999999999
197,0.3153698051619341,0.0,1,0.696
198,0.07004586883095518,-0.04341818519924423,0,0.81
199,0.20629904938021926,-0.012687912497472364,1,0.659
200,0.08594612340144037,-0.025751718507544874,0,0.67
201,0.24217647670509374,0.0,1,0.738
202,0.009979880462090631,-0.04920491070625188,0,0.816
203,0.1246647599593107,-0.041908704531171015,0,0.858
204,0.13338440900738624,-0.01885053151708016,0,0.621
205,0.004791610725919119,-0.012791191315951633,0,0.7959999999999999
206,0.14114753564820856,-0.025751718507544874,0,0.8270000000000001
207,0.010386791624622577,-0.04920491070625188,0,0.779
208,0.04320602358824606,-0.01014177907194469,0,0.779
209,0.0033229542972614103,-0.012791191315951633,0,0.7879999999999999
210,0.024010482280584267,-0.04920491070625188,0,0.728
211,0.025901289900829325,-0.01014177907194469,0,0.728
212,0.024010482280584267,-0.04920491070625188,0,0.728
213,0.025901289900829325,-0.01014177907194469,0,0.728
214,0.24363909820657229,0.0,0,0.659
215,0.3006014547448211,0.0,0,0.755
216,0.019903819102619853,-0.01014177907194469,0,0.765
217,0.4244949689277725,0.0,1,0.716
218,0.122116626233026,-0.01306380601007251,0,0.62
219,0.5776802633056206,0.0,1,0.6970000000000001
220,0.021112282749924455,-0.04920491070625188,0,0.825
221,0.9679559121673239,0.010095423152047922,1,0.5870000000000001
222,0.0021318325720074797,-0.012791191315951633,0,0.773
223,0.0798392245256397,-0.012687912497472364,0,0.7929999999999999
224,0.10839447572367349,-0.01885053151708016,0,0.635
225,0.7252617603285376,0.0,1,0.568
226,0.014641350563536555,-0.012791191315951633,0,0.8029999999999999
227,0.44963129441936744,0.0,1,0.6990000000000001
228,0.06320467180800499,-0.056106097696716595,0,0.797
229,0.003964156293072959,-0.012791191315951633,0,0.8
230,0.010154923241712492,-0.01014177907194469,0,0.778
231,0.008583920660711975,-0.012791191315951633,0,0.8320000000000001
232,0.3251732209656725,-0.006162619019607796,0,0.735
233,0.5380182065650163,0.0,1,0.741
234,0.02766279956936081,-0.04920491070625188,0,0.8390000000000001
235,0.47233506711165496,0.0,0,0.755
236,0.0008027460141512438,-0.04569170393065103,0,0.851
237,0.26407180583368617,-0.006162619019607796,0,0.77
238,0.8255784162453961,0.0,1,0.5660000000000001
239,0.010618383290837365,-0.051854322950258824,0,0.7829999999999999
240,0.03837136076455296,-0.056106097696716595,0,0.867
241,0.21936406071939843,-0.012687912497472364,0,0.539
242,0.37484933390328085,0.014397196314595462,1,0.7
243,0.672026181335139,-0.01306380601007251,1,0.485
244,0.1204600255471278,-0.012687912497472364,0,0.7090000000000001
245,0.23635964099779844,-0.006162619019607796,0,0.777
246,0.14106432271836344,0.0,0,0.799
247,0.01232979314338691,-0.012791191315951633,0,0.855
248,0.25963974606214857,0.0,0,0.644
249,0.014129644333008949,-0.01014177907194469,0,0.767
250,0.07111307488351916,-0.01885053151708016,0,0.797
251,0.6108326838817156,0.0,1,0.68
252,0.03819894886428226,-0.01014177907194469,0,0.73
253,0.2132860768505512,-0.025751718507544874,0,0.768
254,0.7952351639854004,0.012293953622902531,1,0.711
255,0.31267789846741156,0.0,1,0.583
256,0.02343363479849063,-0.01014177907194469,0,0.754
257,0.03183018744115941,-0.04920491070625188,0,0.847
258,0.06373748416488623,-0.056106097696716595,0,0.802
259,0.5630239041085341,-0.01306380601007251,0,0.6859999999999999
260,0.20098886140581682,-0.006162619019607796,0,0.741
261,0.16276830744867612,-0.025751718507544874,0,0.727
262,0.0520290890618083,-0.01885053151708016,0,0.828
263,0.1877974748152067,-0.025751718507544874,0,0.809
264,0.0436083376306636,-0.01014177907194469,0,0.7509999999999999
265,0.4421394409533627,-0.01306380601007251,0,0.84
266,0.6732576267649177,-0.01306380601007251,1,0.494
267,0.7552519034695389,0.0,1,0.7170000000000001
268,0.049460498435558345,-0.01885053151708016,0,0.685
269,0.7010954379278359,0.0,1,0.621
270,0.49379635002882794,0.0,1,0.66
271,0.7798755551133654,-0.01306380601007251,1,0.691
272,0.002288793566931469,-0.012791191315951633,0,0.818
273,0.9312904198619129,-0.0021985304708546094,1,0.475
274,0.0031003429503649823,-0.012791191315951633,0,0.774
275,0.3933711869369592,-0.01306380601007251,1,0.743
276,0.6732625888087242,0.0,1,0.7759999999999999
277,0.013403487406313643,-0.01014177907194469,0,0.835
278,0.2754922051885911,-0.01306380601007251,0,0.715
279,0.004362312894050306,-0.051854322950258824,0,0.8170000000000001
280,0.004172939561879538,-0.012791191315951633,0,0.8059999999999999
281,0.049040782908587544,-0.01885053151708016,0,0.877
282,0.23405753084663752,-0.025751718507544874,0,0.727
283,0.010088572761015003,-0.012791191315951633,0,0.8240000000000001
284,0.03550589390982157,-0.01885053151708016,0,0.858
285,0.008860895140568557,-0.043042291686644085,0,0.7
286,0.2862891362424854,0.0,0,0.785
287,0.015096974707981249,-0.051854322950258824,1,0.613
288,6.332388825777724e-05,-0.012791191315951633,0,0.777
289,0.005057047764985418,-0.012791191315951633,0,0.778
290,0.0004177173160066708,-0.012791191315951633,0,0.77
291,0.040225319228991294,-0.04920491070625188,0,0.7190000000000001
292,0.14135335320982909,-0.012687912497472364,1,0.585
293,0.2584655990281849,0.0,0,0.772
294,0.5844515831710351,-0.01306380601007251,0,0.858
295,0.7512634127088132,-0.01306380601007251,1,0.809
296,0.21901158562136075,-0.012687912497472364,1,0.767
297,0.07499178142832397,-0.01885053151708016,0,0.5489999999999999
298,0.01032741033789271,-0.012791191315951633,0,0.893
299,0.3449905592373815,-0.01306380601007251,0,0.7190000000000001
300,0.045834684942849896,-0.012687912497472364,0,0.794
301,0.933003841205009,-0.0021985304708546094,1,0.7959999999999999
302,0.366491027228718,0.0,0,0.828
303,6.700737133703872e-05,-0.012791191315951633,0,0.768
304,0.018167240811297683,-0.01014177907194469,0,0.731
305,0.3627961086303996,0.04852230373316502,0,0.527
306,0.4936093728964086,0.0,1,0.68
307,0.01737693487375339,-0.01014177907194469,0,0.7929999999999999
308,0.0047163528951916596,-0.01014177907194469,0,0.611
309,0.07769330892183429,-0.025751718507544874,0,0.7290000000000001
310,0.09671736738260465,0.0025461334255276746,0,0.7659999999999999
311,0.03415624855662025,-0.012687912497472364,0,0.62
312,0.03934013145945208,-0.012687912497472364,0,0.62
313,0.03415624855662025,-0.012687912497472364,0,0.62
314,0.03934013145945208,-0.012687912497472364,0,0.62
315,0.0011078810567028913,-0.012791191315951633,0,0.755
316,0.6411028569832758,0.0,0,0.746
317,0.0003197316733103477,-0.012791191315951633,0,0.721
318,0.006242582397174224,-0.043042291686644085,0,0.82
319,0.46781372476643035,-0.01306380601007251,0,0.659
320,0.5003163246343514,0.0,0,0.534
321,0.0012117886710046372,-0.012791191315951633,0,0.711
322,0.06453106609844422,-0.01885053151708016,0,0.741
323,0.02381260967002442,-0.012687912497472364,0,0.785
324,0.006546646362647438,-0.012791191315951633,0,0.826
325,0.0005745255706666579,-0.012791191315951633,0,0.764
326,0.06756649041619,-0.01885053151708016,0,0.7759999999999999
327,0.05479966484378225,-0.056106097696716595,0,0.8240000000000001
328,0.908917053881212,-0.0021985304708546094,1,0.595
329,0.10377196891654998,-0.025751718507544874,0,0.6579999999999999
330,0.010194549556981729,-0.051854322950258824,0,0.7759999999999999
331,0.07257491530815889,-0.006162619019607796,0,0.772
332,0.45181033648244256,0.0,0,0.705
333,0.004371535070217412,-0.04920491070625188,0,0.879
334,0.01696505890527177,-0.04569170393065103,0,0.775
335,0.24192457220039848,0.0,1,0.74
336,0.10315588979451636,-0.025751718507544874,0,0.879
337,0.8951441130292301,0.0,1,0.574
338,0.0807890501765991,-0.04341818519924423,0,0.84
339,0.000374538738585144,-0.012791191315951633,0,0.858
340,0.6630850404022808,0.0,0,0.736
341,0.18860242424772902,0.0,0,0.815
342,0.06365559581986019,-0.01885053151708016,0,0.8290000000000001
343,0.6596262907281376,0.0,1,0.7040000000000001
344,0.0538568535142988,-0.01885053151708016,0,0.8029999999999999
345,0.025882423557511365,-0.01885053151708016,0,0.742
346,0.21643644597528156,0.0,0,0.7759999999999999
347,0.11528878300937324,0.0,0,0.763
348,0.009553943329484848,-0.012791191315951633,0,0.63
349,0.001006703452993939,-0.012791191315951633,0,0.816
350,0.04052329656012429,-0.01885053151708016,0,0.71
351,0.13754524104722898,-0.041908704531171015,0,0.7509999999999999
352,0.6565872599483237,-0.01306380601007251,1,0.706
353,0.17728696532274818,0.0,1,0.785
354,0.011763355015443159,-0.051854322950258824,0,0.725
355,0.362847039857297,-0.01306380601007251,1,0.847
356,0.0074863306915564885,-0.01014177907194469,0,0.764
357,0.005027172866843724,-0.01014177907194469,0,0.764
358,0.0074863306915564885,-0.01014177907194469,0,0.764
359,0.005027172866843724,-0.01014177907194469,0,0.764
360,0.2457397792612165,0.0,0,0.6709999999999999
361,0.0006930804605509223,-0.012791191315951633,0,0.815
362,0.0010843425222035955,-0.01014177907194469,0,0.81
363,0.11864124687981357,0.0,0,0.867
364,0.7491223738539083,0.0,1,0.773
365,0.3417138298150431,0.0,1,0.7
366,0.05774613371476823,-0.025751718507544874,0,0.877
367,0.9203877958280534,-0.0021985304708546094,1,0.583
368,0.8458320244815941,0.0,1,0.74
369,0.7328738781265146,0.0,0,0.6629999999999999
370,0.8783161500019099,-0.01306380601007251,1,0.6579999999999999
371,0.14406755787390169,-0.01306380601007251,0,0.701
372,0.8648916713391666,-0.01306380601007251,1,0.586
373,0.1527840097689069,-0.01885053151708016,0,0.7659999999999999
374,0.04742749633859668,-0.04920491070625188,0,0.7909999999999999
375,0.11764227338384167,0.0,1,0.7829999999999999
376,0.29468018649110367,-0.006162619019607796,0,0.764
377,0.00037215788749053963,-0.012791191315951633,0,0.8640000000000001
378,0.0224101654753611,-0.012687912497472364,0,0.708
379,0.06832465500714971,-0.025751718507544874,1,0.713
380,0.8384475433544015,-0.01306380601007251,0,0.755
381,0.4793537030089046,0.0,0,0.755
382,0.0012556117958631588,-0.012791191315951633,0,0.873
383,0.0065692626245533155,-0.012791191315951633,0,0.8220000000000001
384,0.010400913171302106,-0.012791191315951633,0,0.63
385,0.528628068513626,0.0,1,0.5429999999999999
386,0.2170153165291194,0.0013333903045229523,1,0.5720000000000001
387,0.00657057368183264,-0.051854322950258824,0,0.84
388,0.19234676570452736,-0.006162619019607796,0,0.7929999999999999
389,0.6268682352673884,0.0,1,0.752
390,0.34679508247033597,0.0,0,0.743
391,0.34620993966707697,0.0,1,0.7440000000000001
392,0.10185223643977724,-0.025751718507544874,0,0.8370000000000001
393,0.0004482667081089406,-0.012791191315951633,0,0.63
394,0.00295450419752606,-0.012791191315951633,0,0.738
395,0.0016308078315165648,-0.012791191315951633,0,0.742
396,0.1609797723697239,-0.025751718507544874,0,0.823
397,0.0016516122629398821,-0.012791191315951633,0,0.809
398,0.3433276852326341,0.0,1,0.743
399,0.41177012088434467,0.0,0,0.741
400,0.005059687942473026,-0.012791191315951633,0,0.799
401,0.3379411727054915,0.0,1,0.74
402,0.0436083376306636,-0.01014177907194469,0,0.838
403,0.0011240818076147425,-0.051854322950258824,0,0.892
404,0.8134934429404428,0.0,1,0.6940000000000001
405,0.13118320801494932,-0.01885053151708016,0,0.7070000000000001
406,0.0004611754051667378,-0.012791191315951633,0,0.862
407,0.012732675731082277,-0.043042291686644085,0,0.6459999999999999
408,0.08617483639932136,-0.012687912497472364,0,0.46799999999999997
409,0.10169918308205947,0.0,0,0.688
410,0.057491870925374416,-0.012687912497472364,0,0.7859999999999999
411,0.0002761564166082906,-0.012791191315951633,0,0.7959999999999999
412,0.7450603010769467,0.0,0,0.505
413,0.06285889346110683,-0.01885053151708016,0,0.779
414,0.01492775058041983,-0.012791191315951633,0,0.8290000000000001
415,0.010350538839944084,-0.012791191315951633,0,0.835
416,0.021296232122855543,-0.01014177907194469,0,0.8
417,0.013916124126327072,-0.012791191315951633,0,0.8140000000000001
418,0.03797484061201617,-0.012687912497472364,0,0.703
419,0.1133611510059856,-0.012687912497472364,0,0.706
420,0.06178423633907811,-0.01885053151708016,0,0.799
421,0.8277449038546851,0.0,1,0.5529999999999999
422,0.047034186194262265,-0.012687912497472364,0,0.687
423,0.145688321773667,0.0,1,0.7829999999999999
424,0.004536487585716281,-0.012791191315951633,0,0.831
425,0.21643644597528156,0.0,0,0.757
426,0.0015982681113794063,-0.012791191315951633,0,0.7909999999999999
427,0.006258009075157327,-0.012791191315951633,0,0.8340000000000001
428,0.07261589777088068,-0.028844898521098505,0,0.764
429,0.6141721687411763,0.0,1,0.782
430,0.31724663052551044,-0.01306380601007251,0,0.823
431,0.017445298943524395,-0.04569170393065103,0,0.794
432,0.7876987605060433,-0.01306380601007251,1,0.767
433,0.11114547943752007,-0.025751718507544874,0,0.7859999999999999
434,0.3638838117470575,-0.01306380601007251,0,0.633
435,0.07657691760684601,-0.01014177907194469,0,0.777
436,0.6400523338349772,0.0,1,0.69
437,0.20556617130609553,-0.012687912497472364,0,0.632
438,0.10517347326952324,-0.012687912497472364,0,0.733
439,0.21738639719632114,0.0,0,0.6609999999999999
440,0.17424840017527496,0.0,1,0.7829999999999999
441,0.003253357032770829,-0.012791191315951633,0,0.7140000000000001
442,0.0830633264284639,-0.01885053151708016,0,0.8440000000000001
443,0.06884055317855675,-0.01014177907194469,0,0.6990000000000001
444,0.013839589040991897,-0.012687912497472364,0,0.6920000000000001
445,0.45181033648244256,0.0,0,0.8440000000000001
446,0.6868942617962273,0.0,0,0.7659999999999999
447,0.018621358708283384,-0.04920491070625188,0,0.8140000000000001
448,0.13000519097549462,-0.025751718507544874,0,0.685
449,0.48465594257693007,0.0,1,0.7609999999999999
450,0.014690065807672898,-0.043042291686644085,0,0.8240000000000001
451,0.7119027397180695,0.0,0,0.723
452,0.4399847773293836,-0.01306380601007251,0,0.642
453,0.6378590248920536,0.0,0,0.6890000000000001
454,0.010850111555941453,-0.04920491070625188,0,0.665
455,0.005728361432458214,-0.012791191315951633,0,0.8440000000000001
456,0.00592681947535167,-0.012791191315951633,0,0.6609999999999999
457,0.5044798194573642,0.0,0,0.732
458,0.00047674011659178117,-0.012791191315951633,0,0.872
459,0.37665333035636783,0.0,0,0.609
460,0.03270891878811453,-0.04920491070625188,0,0.848
461,0.041589856587204266,-0.01885053151708016,0,0.7070000000000001
462,0.29398002871783957,-0.01306380601007251,0,0.747
463,0.003122379983947559,-0.051854322950258824,0,0.83
464,0.06460793289647095,-0.012687912497472364,0,0.672
465,0.012932407629827825,-0.01014177907194469,0,0.716
466,0.6508754801699795,0.0,0,0.7709999999999999
467,0.027660098182178232,-0.04920491070625188,0,0.778
468,0.008408926018444422,-0.051854322950258824,0,0.8009999999999999
469,0.49494175615098024,0.014397196314595462,0,0.636
470,0.02654718611837343,-0.04920491070625188,0,0.782
471,0.9293619315138875,0.012293953622902531,1,0.557
472,0.8115900100629032,0.014397196314595462,1,0.718
473,0.0001516372471757928,-0.012791191315951633,0,0.8079999999999999
474,0.08782797336301983,-0.012687912497472364,0,0.787
475,0.00971068562981225,-0.04920491070625188,0,0.6920000000000001
476,0.3372959313806351,0.014397196314595462,1,0.772
477,0.8416671717555968,0.0,0,0.691
478,0.23680119825853466,-0.012687912497472364,1,0.58
479,0.9036197469507451,0.0,1,0.7559999999999999
480,0.0923547592594202,-0.012687912497472364,0,0.765
481,0.0006904992846023129,-0.012791191315951633,0,0.77
482,0.33748056915825875,-0.01306380601007251,1,0.8170000000000001
483,0.2698714756787104,0.0,1,0.8170000000000001
484,0.33748056915825875,-0.01306380601007251,1,0.8170000000000001
485,0.2698714756787104,0.0,1,0.8170000000000001
486,0.001063251928044605,-0.012791191315951633,0,0.84
487,0.04357715057069133,-0.01885053151708016,0,0.773
488,0.02710316586835674,-0.012791191315951633,0,0.779
489,0.09333061415387628,-0.025751718507544874,0,0.78
490,0.366036262158742,0.0,0,0.726
491,0.49175261808030557,0.0,0,0.698
492,0.005344076882383617,-0.012791191315951633,0,0.703
493,0.0023551951300638556,-0.012791191315951633,0,0.812
494,0.1714285609066704,-0.01306380601007251,0,0.7909999999999999
495,0.03507022879609767,-0.012687912497472364,0,0.7020000000000001
496,0.7213713985346725,0.0,1,0.8170000000000001
497,0.0035755633945659987,-0.012791191315951633,0,0.826
498,0.011519721195507858,-0.012791191315951633,0,0.79
499,0.2965257042464053,-0.01306380601007251,0,0.7490000000000001
500,0.009446802813351675,-0.012791191315951633,0,0.825
501,0.03461882248247108,-0.01014177907194469,0,0.7879999999999999
502,0.9090038759463657,-0.0021985304708546094,1,0.603
503,0.2792228801441403,0.0,1,0.643
504,0.21126092275542552,-0.028844898521098505,0,0.7829999999999999
505,0.02565139529026568,-0.01014177907194469,0,0.833
506,0.6578245199617742,0.0,0,0.8079999999999999
507,0.007842631249325334,-0.01014177907194469,0,0.8220000000000001
508,0.2983521119884292,-0.01306380601007251,0,0.7190000000000001
509,0.8860926756901256,0.0,0,0.74
510,0.5821847608026698,-0.01306380601007251,0,0.755
511,0.01743392269784695,-0.01014177907194469,0,0.767
512,0.029593803904918694,-0.04920491070625188,0,0.784
513,0.04247097025372972,-0.01014177907194469,0,0.659
514,0.5877430673153065,0.0,0,0.71
515,0.01152614079444775,-0.04920491070625199,0,0.537
516,0.14119424908707193,0.0,0,0.657
517,0.4111192793122827,-0.02922079203369865,1,0.716
518,0.9023853797912827,-0.0021985304708546094,1,0.642
519,0.06674832502308696,-0.01885053151708016,0,0.603
520,0.026098596828979304,-0.04920491070625188,0,0.674
521,0.44910645997417187,0.0,1,0.674
522,0.35567691837762627,-0.006162619019607796,0,0.584
523,0.007085766777962658,-0.012791191315951633,0,0.792
524,0.030984025388834543,-0.01014177907194469,0,0.647
525,0.11888188094398505,-0.01885053151708016,0,0.667
526,0.13358066722648174,-0.012687912497472364,0,0.836
527,0.12721125524181426,-0.025751718507544874,0,0.742
528,0.164292519587841,-0.01885053151708016,0,0.563
529,0.393752188043368,0.0,1,0.764
530,0.15567790661742725,-0.01306380601007251,1,0.7290000000000001
