,g,Q,t,y
0,0.7020741382944016,-0.010780955949982518,1,0.66
1,0.42089752856025014,0.00189145063299756,0,0.759
2,0.7314894327543102,-0.012672406582980189,1,0.5479999999999999
3,0.3677078993474555,0.00189145063299756,1,0.738
4,0.546793969817288,0.00189145063299756,0,0.628
5,0.05023511956526124,-0.04182533948882872,0,0.5660000000000001
6,0.8642779682443592,-0.012672406582979967,1,0.738
7,0.7234988662973103,-0.010780955949982518,1,0.8109999999999999
8,0.6833169669454559,0.0,1,0.778
9,0.06645225767333617,-0.009702634350502448,0,0.7090000000000001
10,0.018564358001892965,-0.04182533948882872,0,0.8320000000000001
11,0.7195676168950678,-0.012672406582979967,1,0.696
12,0.6005453928686152,0.0,0,0.746
13,0.18998383165853727,0.00189145063299756,0,0.444
14,0.1766446734297798,0.0,0,0.816
15,0.06277271436080019,-0.011594084983500008,0,0.755
16,0.07832932717208832,0.00189145063299756,0,0.774
17,0.27953739809700934,0.0,0,0.8140000000000001
18,0.08630302631238172,0.00189145063299756,0,0.8029999999999999
19,0.5281545315652898,0.00189145063299756,0,0.732
20,0.07525647200120493,0.00189145063299756,0,0.6
21,0.7345392923118607,-0.012672406582980189,1,0.5820000000000001
22,0.2802342489336818,0.0,0,0.765
23,0.00893968825964353,-0.04490340735451048,0,0.867
24,0.3207181683083381,0.00189145063299756,1,0.7759999999999999
25,0.13531540735242903,0.0,0,0.747
26,0.09755028506919151,0.00189145063299756,0,0.78
27,0.10147407211447919,0.00189145063299756,0,0.7070000000000001
28,0.32017620983924483,0.0,0,0.542
29,0.037690702709810224,-0.011594084983500008,0,0.745
30,0.10412404118295263,0.00189145063299756,0,0.8
31,0.12384780154326878,0.00189145063299756,0,0.7859999999999999
32,0.5430528357833289,0.00189145063299756,0,0.8320000000000001
33,0.5465539087787727,0.00189145063299756,0,0.6940000000000001
34,0.18288514461170136,0.0,1,0.743
35,0.4578152379931727,0.007700223771616499,0,0.657
36,0.005738984099859152,-0.04490340735451048,0,0.818
37,0.1876730384874106,0.00189145063299756,0,0.7
38,0.03131850497077562,-0.04182533948882872,0,0.82
39,0.2569171799095286,-0.00435446645689086,0,0.759
40,0.06300897942991628,0.00189145063299756,0,0.81
41,0.029651461605579688,-0.04182533948882872,0,0.769
42,0.1520807464960741,0.00189145063299756,0,0.636
43,0.059480089689387526,0.0031694265532417054,0,0.612
44,0.3047110721941988,0.00189145063299756,0,0.687
45,0.49106468216736054,0.00189145063299756,0,0.608
46,0.08990085734654239,0.0031694265532417054,0,0.716
47,0.5751875483023191,0.0,1,0.557
48,0.11166946726488641,-0.009702634350502448,1,0.78
49,0.09500936907243124,0.00189145063299756,0,0.636
50,0.0655512925817019,-0.04182533948882872,0,0.87
51,0.676746047241516,0.0,0,0.722
52,0.7431752761527978,0.0,1,0.742
53,0.6432290036074128,-0.010780955949982518,1,0.799
54,0.5505298255538614,0.0,1,0.511
55,0.028739156327085704,-0.04182533948882872,0,0.78
56,0.8839077531103847,-0.012672406582980189,1,0.6759999999999999
57,0.004936188593543287,-0.04490340735451048,0,0.748
58,0.08512288173213295,0.00189145063299756,0,0.675
59,0.049473353258691344,-0.04182533948882872,0,0.713
60,0.6181500789499775,0.0,1,0.701
61,0.1337297035448492,0.00189145063299756,0,0.887
62,0.005650741681374156,-0.04490340735451048,0,0.8370000000000001
63,0.21867623408492556,0.00189145063299756,0,0.7509999999999999
64,0.01727962427531825,-0.04182533948882872,0,0.79
65,0.38888174773301376,0.00189145063299756,1,0.57
66,0.004524236144216104,-0.03203134645076633,0,0.8059999999999999
67,0.4495966658347894,0.0,0,0.637
68,0.04308222449739356,-0.04182533948882872,0,0.7070000000000001
69,0.0538865841371608,-0.009702634350502448,0,0.74
70,0.16775656815722964,0.0,0,0.754
71,0.022105792908303983,0.0031694265532417054,0,0.7809999999999999
72,0.008179986335769645,-0.04490340735451048,0,0.775
73,0.8364193668785285,-0.010780955949982518,1,0.748
74,0.02243369110990781,-0.04182533948882872,0,0.797
75,0.06032968601190331,-0.009702634350502448,0,0.8440000000000001
76,0.016331241395814655,-0.04182533948882872,0,0.8079999999999999
77,0.10421443694500582,0.00189145063299756,0,0.7959999999999999
78,0.3139546243023824,0.0,0,0.847
79,0.17614627025600962,0.0,0,0.747
80,0.02554083873118159,-0.04371679012182628,0,0.838
81,0.003961480602135601,-0.04490340735451048,0,0.799
82,0.05945075016534995,-0.04182533948882872,0,0.8029999999999999
83,0.005994514104358818,-0.04490340735451048,0,0.836
84,0.07428169638850178,0.00189145063299756,0,0.7040000000000001
85,0.03781532987478669,-0.04182533948882872,0,0.841
86,0.009764696577153502,-0.04490340735451048,0,0.8029999999999999
87,0.017305456005277626,-0.028953278585084563,0,0.706
88,0.1252212526849729,0.007086749058863084,0,0.6779999999999999
89,0.5754307802228029,0.0,1,0.644
90,0.1501420943699733,0.00189145063299756,0,0.779
91,0.1701619423091745,0.00189145063299756,1,0.667
92,0.5424351881376513,0.0,1,0.664
93,0.027854841208454346,-0.04371679012182628,0,0.7240000000000001
94,0.03375626501469116,-0.04182533948882872,0,0.8270000000000001
95,0.0006857484212470226,-0.03203134645076633,0,0.762
96,0.003170579665619693,-0.04490340735451048,0,0.743
97,0.8425179207202128,-0.012672406582980078,1,0.647
98,0.7258084790111828,0.0,1,0.6990000000000001
99,0.08539252513168394,0.00189145063299756,0,0.599
100,0.13560687174387934,0.00189145063299756,1,0.777
101,0.4392690752295011,0.00189145063299756,1,0.723
102,0.009074345264138818,-0.04490340735451048,0,0.853
103,0.010051429034616356,-0.04182533948882872,0,0.821
104,0.015118118530302845,-0.028953278585084563,0,0.787
105,0.6367235096057153,-0.00624591708988842,1,0.7829999999999999
106,0.0655512925817019,-0.04182533948882872,0,0.813
107,0.019763251421459457,-0.046794857987508154,0,0.795
108,0.9123397164490371,-0.012672406582979967,1,0.737
109,0.3567802318331529,0.0,0,0.8109999999999999
110,0.1637905595122265,0.00189145063299756,0,0.831
111,0.03999885598289645,-0.04182533948882872,0,0.826
112,0.01310358007999232,-0.04182533948882872,0,0.638
113,0.09605485663523039,0.0012779759202441454,0,0.777
114,0.17022845107672716,0.00189145063299756,0,0.649
115,0.8941346743064149,-0.012672406582980189,1,0.642
116,0.008307395653258652,-0.04490340735451048,0,0.907
117,0.11901695495827078,0.00189145063299756,0,0.721
118,0.21144763817354054,0.00189145063299756,1,0.585
119,0.08515747347347613,-0.009702634350502448,0,0.8420000000000001
120,0.7348251372164248,0.0,1,0.778
121,0.05023639952121415,-0.009702634350502448,0,0.833
122,0.7043915664859854,-0.006863633444361028,1,0.732
123,0.21347218248467548,0.0,0,0.606
124,0.3916425472058476,0.0,0,0.769
125,0.008904950649571112,-0.028953278585084563,0,0.728
126,0.10006436941417673,0.00189145063299756,0,0.627
127,0.05237016652444077,0.00189145063299756,0,0.627
128,0.10006436941417673,0.00189145063299756,0,0.627
129,0.05237016652444077,0.00189145063299756,0,0.627
130,0.6700064270967487,-0.010780955949982518,0,0.772
131,0.003419841025181637,-0.04679485798750793,0,0.847
132,0.7083465409396041,-0.012672406582980078,0,0.7859999999999999
133,0.9504088467252851,-0.012672406582980134,1,0.467
134,0.465196551981891,0.00189145063299756,0,0.375
135,0.015814336160593922,-0.04182533948882872,0,0.669
136,0.04430352791756639,-0.009702634350502448,0,0.7559999999999999
137,0.05391196677163941,-0.009702634350502448,0,0.711
138,0.035780893284255724,-0.03601656635020978,0,0.8240000000000001
139,0.10143114221653758,0.00189145063299756,0,0.66
140,0.8398410836507793,-0.012672406582979967,1,0.47
141,0.05694029351464365,-0.04371679012182628,0,0.732
142,0.03053203060662525,-0.04182533948882872,0,0.784
143,0.17848435676155353,-0.011594084983500008,0,0.8029999999999999
144,0.024115650628878195,-0.028953278585084563,0,0.5589999999999999
145,0.7375721310399679,-0.012672406582980078,1,0.883
146,0.01968729136427371,-0.04182533948882872,0,0.843
147,0.010966222709639694,-0.044903407354510594,0,0.772
148,0.8011840981193017,-0.012672406582980078,1,0.625
149,0.1676908299862089,0.0,0,0.797
150,0.03576464948430151,-0.04182533948882872,0,0.768
151,0.03885619897604893,-0.04182533948882872,0,0.785
152,0.6668716155420961,0.0,0,0.528
153,0.2093503380710024,0.00189145063299756,0,0.757
154,0.10563124171054315,0.00189145063299756,0,0.764
155,0.8098691186544121,-0.012672406582979967,1,0.557
156,0.23735401149271684,0.00189145063299756,0,0.654
157,0.002574505219005701,-0.03203134645076633,0,0.7390000000000001
158,0.6047603788805599,-0.010780955949982518,1,0.664
159,0.015183762441573797,-0.04490340735451048,0,0.79
160,0.048838027036771446,-0.009702634350502448,0,0.753
161,0.04234326959817688,-0.04182533948882872,0,0.84
162,0.645665484285177,-0.012672406582980189,1,0.603
163,0.60030655504367,0.0,1,0.603
164,0.645665484285177,-0.012672406582980189,1,0.603
165,0.60030655504367,0.0,1,0.603
166,0.20604866186882798,0.0,0,0.7290000000000001
167,0.00524724099017265,-0.04490340735451048,0,0.809
168,0.22134594104096733,0.00189145063299756,0,0.7020000000000001
169,0.0008703390121120178,-0.04490340735451048,0,0.815
170,0.017782595085800493,-0.04182533948882872,0,0.852
171,0.6156433756954305,0.0,1,0.8220000000000001
172,0.4136754141136933,0.00189145063299756,1,0.619
173,0.2370789583238832,0.00189145063299756,0,0.799
174,0.32326275660809917,0.0,0,0.799
175,0.7763864852704347,-0.012672406582980078,1,0.71
176,0.636384244040599,0.007700223771616499,1,0.6709999999999999
177,0.006552585076949748,-0.04490340735451048,0,0.847
178,0.9632149385512982,-0.012672406582980189,1,0.63
179,0.5827850036724941,0.0,0,0.799
180,0.34053817454093793,0.00189145063299756,1,0.76
181,0.08630302631238172,0.00189145063299756,0,0.7
182,0.04758930958144357,-0.009702634350502448,0,0.857
183,0.04054553909906912,-0.009702634350502448,0,0.812
184,0.1338481817849833,0.00189145063299756,0,0.695
185,0.5356802041301866,-0.010780955949982518,1,0.68
186,0.04804958921040474,-0.04371679012182628,0,0.815
187,0.21858203661909958,0.0,0,0.691
188,0.020630801595371798,-0.04182533948882872,0,0.8220000000000001
189,0.6354623015092721,0.005808773138618939,1,0.562
190,0.10160540728360995,-0.04371679012182628,0,0.765
191,0.06274501421390892,0.0,0,0.818
192,0.2504509693857562,0.0,0,0.804
193,0.15403290204757747,0.00189145063299756,0,0.805
194,0.4140311415120764,-0.00435446645689086,0,0.715
195,0.18515042193441827,0.0,1,0.701
196,0.5943597966789189,-0.00435446645689086,1,0.6709999999999999
197,0.17446504512700053,0.00189145063299756,1,0.696
198,0.06197773654695597,-0.009702634350502448,0,0.81
199,0.19929419053237435,0.00189145063299756,1,0.659
200,0.14613943206181018,0.0,0,0.67
201,0.22676918300775742,0.00189145063299756,1,0.738
202,0.025956743821775454,-0.04182533948882872,0,0.816
203,0.12050520370702329,0.00189145063299756,0,0.858
204,0.18721816023703983,0.0,0,0.621
205,0.03425181080668891,-0.04182533948882872,0,0.7959999999999999
206,0.12358090352137716,0.0,0,0.8270000000000001
207,0.030892225977768747,-0.04182533948882872,0,0.779
208,0.10735086016414017,-0.009702634350502448,0,0.779
209,0.030981761935802148,-0.04182533948882872,0,0.7879999999999999
210,0.04113650900338271,-0.009702634350502448,0,0.728
211,0.05704874514960763,-0.04182533948882872,0,0.728
212,0.04113650900338271,-0.009702634350502448,0,0.728
213,0.05704874514960763,-0.04182533948882872,0,0.728
214,0.3574597372821676,0.007700223771616499,0,0.659
215,0.2041527573208303,0.00189145063299756,0,0.755
216,0.03889339482399675,-0.04182533948882872,0,0.765
217,0.4837617115524405,0.0,1,0.716
218,0.15377363688308754,0.0,0,0.62
219,0.590476701252276,-0.010780955949982518,1,0.6970000000000001
220,0.0538091379774156,-0.04371679012182628,0,0.825
221,0.9245710790561792,-0.012672406582980189,1,0.5870000000000001
222,0.010988421391099363,-0.04182533948882872,0,0.773
223,0.1304390115438009,0.00189145063299756,0,0.7929999999999999
224,0.15384191179169135,0.00189145063299756,0,0.635
225,0.8404391387285121,-0.012672406582980078,1,0.568
226,0.05794867670224774,-0.009702634350502448,0,0.8029999999999999
227,0.36781739665154484,0.00189145063299756,1,0.6990000000000001
228,0.05770460519197675,-0.011594084983500008,0,0.797
229,0.03099670899850692,-0.04182533948882872,0,0.8
230,0.04310274972198583,-0.04182533948882872,0,0.778
231,0.06046940531986103,-0.04182533948882872,0,0.8320000000000001
232,0.3135374901881329,0.0,0,0.735
233,0.3337951688045888,0.00189145063299756,1,0.741
234,0.058530419244206974,-0.011594084983500008,0,0.8390000000000001
235,0.28309609245532363,0.00189145063299756,0,0.755
236,0.0053134083740488435,-0.04490340735451048,0,0.851
237,0.36374025788286796,0.00189145063299756,0,0.77
238,0.6534461198952262,-0.010780955949982518,1,0.5660000000000001
239,0.029565652858605896,-0.04182533948882872,0,0.7829999999999999
240,0.13192847914068542,-0.011594084983500008,0,0.867
241,0.17672488541232817,0.00189145063299756,0,0.539
242,0.24827426682440037,0.00189145063299756,1,0.7
243,0.49372912043551404,-0.014995656624361198,1,0.485
244,0.18093631740649574,0.00189145063299756,0,0.7090000000000001
245,0.5238900793068323,0.0,0,0.777
246,0.2890605009486397,0.00189145063299756,0,0.799
247,0.11176559639912252,-0.04371679012182628,0,0.855
248,0.2923710326860893,0.0,0,0.644
249,0.01656002809849477,-0.028953278585084563,0,0.767
250,0.15956266054931129,0.0,0,0.797
251,0.6119491684476104,0.007700223771616499,1,0.68
252,0.10716021614675263,-0.009702634350502448,0,0.73
253,0.15555785793703275,0.0,0,0.768
254,0.6503493115714069,-0.00624591708988842,1,0.711
255,0.44671406460652985,0.0,1,0.583
256,0.052564130176884064,-0.04182533948882872,0,0.754
257,0.05463521293566544,-0.009702634350502448,0,0.847
258,0.06642138537556196,-0.009702634350502448,0,0.802
259,0.29793427942928485,0.0,0,0.6859999999999999
260,0.25895245497932395,0.0,0,0.741
261,0.10417048210948675,0.00189145063299756,0,0.727
262,0.09746268106576682,0.00189145063299756,0,0.828
263,0.17636307621502295,0.00189145063299756,0,0.809
264,0.043586058585459185,-0.009702634350502448,0,0.7509999999999999
265,0.5423116428915581,0.0,0,0.84
266,0.6217109855118298,0.0,1,0.494
267,0.5540339147715048,-0.013104205991363638,1,0.7170000000000001
268,0.10558422630852536,0.00189145063299756,0,0.685
269,0.4615689698289836,-0.00435446645689086,1,0.621
270,0.27721214101791736,-0.00435446645689086,1,0.66
271,0.5234068202538968,-0.0016191853896267983,1,0.691
272,0.02387701363593314,-0.03601656635020978,0,0.818
273,0.880775532948695,-0.012672406582979967,1,0.475
274,0.020337553419456946,-0.04182533948882872,0,0.774
275,0.3533133550624813,0.0,1,0.743
276,0.4578152379931727,0.007700223771616499,1,0.7759999999999999
277,0.06209046409302915,-0.04371679012182628,0,0.835
278,0.22361584411431598,0.0,0,0.715
279,0.03131769112370812,-0.04182533948882872,0,0.8170000000000001
280,0.023517093910795928,-0.04182533948882872,0,0.8059999999999999
281,0.15568162024298496,0.0,0,0.877
282,0.28576136541872904,0.00189145063299756,0,0.727
283,0.02419778634490471,-0.028953278585084563,0,0.8240000000000001
284,0.11583847929255202,0.00189145063299756,0,0.858
285,0.04177447652495818,-0.04182533948882872,0,0.7
286,0.1409430421577941,0.00189145063299756,0,0.785
287,0.05936730698556907,-0.04371679012182628,1,0.613
288,0.0003258511800038262,-0.03203134645076633,0,0.777
289,0.03526403293834674,-0.04182533948882872,0,0.778
290,0.0022878402128415983,-0.04490340735451048,0,0.77
291,0.04802805310173202,0.0012779759202441454,0,0.7190000000000001
292,0.18101009573079344,0.00189145063299756,1,0.585
293,0.311140945690635,0.007700223771616499,0,0.772
294,0.6287869782786016,0.0,0,0.858
295,0.6110031416746144,0.005808773138618939,1,0.809
296,0.19929419053237435,0.00189145063299756,1,0.767
297,0.2708964285870916,0.0,0,0.5489999999999999
298,0.026405507958764198,-0.04182533948882872,0,0.893
299,0.23672871978484913,0.0,0,0.7190000000000001
300,0.3021423305996047,0.0,0,0.794
301,0.8571001682962934,-0.012672406582980189,1,0.7959999999999999
302,0.18545504790225756,0.00189145063299756,0,0.828
303,0.002428664988389393,-0.04490340735451048,0,0.768
304,0.0256525716254609,-0.04182533948882872,0,0.731
305,0.3240137110788606,0.00189145063299756,0,0.527
306,0.4649555621924298,0.00189145063299756,1,0.68
307,0.030459241400696176,-0.04182533948882872,0,0.7929999999999999
308,0.015176722142476201,-0.04182533948882872,0,0.611
309,0.23426696058404556,0.0,0,0.7290000000000001
310,0.08184456779202416,-0.009702634350502448,0,0.7659999999999999
311,0.10711516742931289,0.00189145063299756,0,0.62
312,0.12248730536773855,0.00189145063299756,0,0.62
313,0.10711516742931289,0.00189145063299756,0,0.62
314,0.12248730536773855,0.00189145063299756,0,0.62
315,0.003313775222263897,-0.03203134645076633,0,0.755
316,0.41378964173279925,0.00189145063299756,0,0.746
317,0.009916278749920706,-0.04490340735451037,0,0.721
318,0.010325851926143317,-0.028953278585084563,0,0.82
319,0.3430483882208557,0.0,0,0.659
320,0.4798775427676497,0.00189145063299756,0,0.534
321,0.003844086855750126,-0.04490340735451048,0,0.711
322,0.1658673347534345,0.00189145063299756,0,0.741
323,0.07975162263688497,0.00189145063299756,0,0.785
324,0.016575811294565892,-0.04182533948882872,0,0.826
325,0.008066025355791435,-0.044903407354510594,0,0.764
326,0.14420881464363436,0.0,0,0.7759999999999999
327,0.0731140721083051,0.0012779759202441454,0,0.8240000000000001
328,0.845839080905187,-0.006863633444361028,1,0.595
329,0.1517566374194059,0.0,0,0.6579999999999999
330,0.01829147526496105,-0.028953278585084563,0,0.7759999999999999
331,0.29196482536656737,0.00189145063299756,0,0.772
332,0.4429883682615093,0.00189145063299756,0,0.705
333,0.010026428580381087,-0.04490340735451048,0,0.879
334,0.05466092782976974,-0.009702634350502448,0,0.775
335,0.24836717671252995,0.00189145063299756,1,0.74
336,0.2506278215900182,0.0,0,0.879
337,0.7839861085392255,-0.004972182811363579,1,0.574
338,0.06194880507220793,-0.009702634350502448,0,0.84
339,0.006461148837927663,-0.04490340735451048,0,0.858
340,0.4576916874029581,0.007700223771616499,0,0.736
341,0.3640797089068198,0.00189145063299756,0,0.815
342,0.05616480027810566,0.00189145063299756,0,0.8290000000000001
343,0.6603525052337185,0.0,1,0.7040000000000001
344,0.07106436973396305,0.0,0,0.8029999999999999
345,0.10563124171054315,0.00189145063299756,0,0.742
346,0.23743926827540227,0.00189145063299756,0,0.7759999999999999
347,0.15422758546859247,0.00189145063299756,0,0.763
348,0.06954078201914536,-0.04182533948882872,0,0.63
349,0.013701950041508421,-0.04490340735451048,0,0.816
350,0.20860536530538282,0.0,0,0.71
351,0.1319346238150744,0.00189145063299756,0,0.7509999999999999
352,0.45670347127010624,0.005808773138618939,1,0.706
353,0.18101009573079344,0.00189145063299756,1,0.785
354,0.03669745510930289,-0.04182533948882872,0,0.725
355,0.37040323424377264,0.0,1,0.847
356,0.02215791338494306,-0.04182533948882872,0,0.764
357,0.0111261749655576,-0.04182533948882872,0,0.764
358,0.02215791338494306,-0.04182533948882872,0,0.764
359,0.0111261749655576,-0.04182533948882872,0,0.764
360,0.20187289163851396,0.00189145063299756,0,0.6709999999999999
361,0.005569210680635709,-0.04490340735451048,0,0.815
362,0.007380015142065998,-0.04490340735451048,0,0.81
363,0.1970466590696366,0.0,0,0.867
364,0.7631886032247067,-0.012672406582980078,1,0.773
365,0.2652744804819392,0.00189145063299756,1,0.7
366,0.1657259370670136,0.0,0,0.877
367,0.8776210972276909,-0.012672406582979967,1,0.583
368,0.7914745837691692,-0.010780955949982518,1,0.74
369,0.42457905179977845,0.00189145063299756,0,0.6629999999999999
370,0.6789651963779169,-0.012672406582980189,1,0.6579999999999999
371,0.05086620296393363,0.00189145063299756,0,0.701
372,0.6559564434564096,-0.012672406582980189,1,0.586
373,0.09871399046982099,0.00189145063299756,0,0.7659999999999999
374,0.03364367526510694,0.0031694265532417054,0,0.7909999999999999
375,0.21668674520085499,0.0,1,0.7829999999999999
376,0.37064167991325037,0.00189145063299756,0,0.764
377,0.013312481257321207,-0.04679485798750793,0,0.8640000000000001
378,0.26300375201300014,0.0,0,0.708
379,0.15568162024298496,0.0,1,0.713
380,0.48643109888027786,-0.014995656624361198,0,0.755
381,0.39584428145664463,0.00189145063299756,0,0.755
382,0.007824505806523342,-0.04490340735451048,0,0.873
383,0.0384242218174925,-0.04182533948882872,0,0.8220000000000001
384,0.05179341151033386,-0.04182533948882872,0,0.63
385,0.15795028452791507,0.00189145063299756,1,0.5429999999999999
386,0.14976141216507657,0.0,1,0.5720000000000001
387,0.03133279501408893,-0.04182533948882872,0,0.84
388,0.33313136515913006,0.0,0,0.7929999999999999
389,0.546793969817288,0.00189145063299756,1,0.752
390,0.21910175702783527,-0.00435446645689086,0,0.743
391,0.2771070450274546,0.00189145063299756,1,0.7440000000000001
392,0.07522370520742136,0.00189145063299756,0,0.8370000000000001
393,0.003170579665619693,-0.04490340735451048,0,0.63
394,0.011310377109219453,-0.04182533948882872,0,0.738
395,0.017842615124901092,-0.04679485798750793,0,0.742
396,0.1783462960438209,0.0,0,0.823
397,0.012363262701402011,-0.04182533948882872,0,0.809
398,0.4576916874029581,0.007700223771616499,1,0.743
399,0.22413476982932184,0.00189145063299756,0,0.741
400,0.01945511986567415,-0.04182533948882872,0,0.799
401,0.5210021005709875,-0.00435446645689086,1,0.74
402,0.13917948471345437,-0.011594084983500008,0,0.838
403,0.010798479378330766,-0.04490340735451048,0,0.892
404,0.636384244040599,0.007700223771616499,1,0.6940000000000001
405,0.11425188271837763,0.00189145063299756,0,0.7070000000000001
406,0.010516807698531676,-0.039094634215891544,0,0.862
407,0.028739156327085704,-0.04182533948882872,0,0.6459999999999999
408,0.14106361992182542,0.00189145063299756,0,0.46799999999999997
409,0.12884605260029436,0.00189145063299756,0,0.688
410,0.12710690836746585,0.00189145063299756,0,0.7859999999999999
411,0.000896132172700395,-0.03203134645076633,0,0.7959999999999999
412,0.5281612169546916,0.00189145063299756,0,0.505
413,0.04870072350574307,0.0,0,0.779
414,0.027179927470991277,-0.04182533948882872,0,0.8290000000000001
415,0.028753053554778182,-0.04182533948882872,0,0.835
416,0.02522916995549468,-0.04182533948882872,0,0.8
417,0.04011472643565094,-0.04182533948882872,0,0.8140000000000001
418,0.20414839871338067,0.0,0,0.703
419,0.18537986793764386,0.00189145063299756,0,0.706
420,0.1389443238600077,0.00189145063299756,0,0.799
421,0.9065765581293282,-0.012672406582980078,1,0.5529999999999999
422,0.1622716982463086,0.00189145063299756,0,0.687
423,0.1925442274513039,0.0,1,0.7829999999999999
424,0.057974390377742956,-0.04182533948882872,0,0.831
425,0.21152617042489494,0.007700223771616499,0,0.757
426,0.015183762441573797,-0.04490340735451048,0,0.7909999999999999
427,0.017563891919210442,-0.04182533948882872,0,0.8340000000000001
428,0.03732576276858757,0.00189145063299756,0,0.764
429,0.4909469879524666,0.00189145063299756,1,0.782
430,0.2855582230106087,0.0,0,0.823
431,0.03616878669968088,0.0031694265532417054,0,0.794
432,0.7884715931110942,-0.012672406582980189,1,0.767
433,0.22843211272537767,0.0,0,0.7859999999999999
434,0.24491660792696437,0.0,0,0.633
435,0.07864946490442365,0.0031694265532417054,0,0.777
436,0.6502361158615548,0.0,1,0.69
437,0.13727024567661844,0.00189145063299756,0,0.632
438,0.11147476868734185,0.00189145063299756,0,0.733
439,0.19944453112669974,0.0,0,0.6609999999999999
440,0.1129805179450375,0.00189145063299756,1,0.7829999999999999
441,0.023527910775906304,-0.04182533948882872,0,0.7140000000000001
442,0.16782982014489534,0.00189145063299756,0,0.8440000000000001
443,0.08180717119578328,-0.009702634350502448,0,0.6990000000000001
444,0.09910848299786484,0.00189145063299756,0,0.6920000000000001
445,0.5172226375411141,0.0,0,0.8440000000000001
446,0.3994642613023575,0.00189145063299756,0,0.7659999999999999
447,0.04677563106384564,-0.04182533948882872,0,0.8140000000000001
448,0.1830339590336997,0.00189145063299756,0,0.685
449,0.37463399021273436,0.00189145063299756,1,0.7609999999999999
450,0.04117473509517768,-0.04182533948882872,0,0.8240000000000001
451,0.4874125251015971,0.0,0,0.723
452,0.3136388580046981,0.0,0,0.642
453,0.4429883682615093,0.00189145063299756,0,0.6890000000000001
454,0.013248309927784165,-0.04182533948882872,0,0.665
455,0.03680317758389101,-0.04182533948882872,0,0.8440000000000001
456,0.01861885015618185,-0.04182533948882872,0,0.6609999999999999
457,0.357472060582505,-0.00435446645689086,0,0.732
458,0.0020609616924535954,-0.04490340735451048,0,0.872
459,0.34382800612313325,0.00189145063299756,0,0.609
460,0.13037952247579818,-0.009702634350502448,0,0.848
461,0.08049668195965576,0.0,0,0.7070000000000001
462,0.16146862287571773,0.0,0,0.747
463,0.022136353948558434,-0.04182533948882872,0,0.83
464,0.20901653379913349,0.0,0,0.672
465,0.03187146401363783,-0.04182533948882872,0,0.716
466,0.6501229032206797,0.0,0,0.7709999999999999
467,0.03940572780208539,-0.009702634350502448,0,0.778
468,0.01627579162834425,-0.04182533948882872,0,0.8009999999999999
469,0.4392690752295011,0.00189145063299756,0,0.636
470,0.05945075016534995,-0.04182533948882872,0,0.782
471,0.75778356544185,-0.010780955949982518,1,0.557
472,0.7174168979623354,-0.010780955949982518,1,0.718
473,0.003078077968406445,-0.04490340735451048,0,0.8079999999999999
474,0.22413010475521714,0.00189145063299756,0,0.787
475,0.04295926903258904,-0.04182533948882872,0,0.6920000000000001
476,0.38553194646092764,-0.00624591708988842,1,0.772
477,0.5759236864038304,0.00027226524337076174,0,0.691
478,0.2802396599792019,0.00189145063299756,1,0.58
479,0.9001159888235817,-0.012672406582980078,1,0.7559999999999999
480,0.15594704058170827,0.00189145063299756,0,0.765
481,0.004806688121390862,-0.04490340735451048,0,0.77
482,0.26468757996396386,0.0,1,0.8170000000000001
483,0.311140945690635,0.007700223771616499,1,0.8170000000000001
484,0.26468757996396386,0.0,1,0.8170000000000001
485,0.311140945690635,0.007700223771616499,1,0.8170000000000001
486,0.004592692155747801,-0.04490340735451048,0,0.84
487,0.06642304890355605,0.00189145063299756,0,0.773
488,0.051770288653971264,0.0031694265532417054,0,0.779
489,0.12195330115729774,0.0,0,0.78
490,0.3143951887852288,-0.00435446645689086,0,0.726
491,0.5059143832403507,0.00189145063299756,0,0.698
492,0.023517093910795928,-0.04182533948882872,0,0.703
493,0.028821886649163974,-0.04182533948882872,0,0.812
494,0.2856543092123647,0.0,0,0.7909999999999999
495,0.09755028506919151,0.00189145063299756,0,0.7020000000000001
496,0.7551828720415836,-0.015257761725125052,1,0.8170000000000001
497,0.02494410467230739,-0.04182533948882872,0,0.826
498,0.04068025386251239,-0.04182533948882872,0,0.79
499,0.25338279520770146,0.0,0,0.7490000000000001
500,0.03680317758389101,-0.04182533948882872,0,0.825
501,0.06951031678384402,-0.009702634350502448,0,0.7879999999999999
502,0.9061987276355624,-0.012672406582979967,1,0.603
503,0.33726963788257097,0.00189145063299756,1,0.643
504,0.3608174112346139,0.0,0,0.7829999999999999
505,0.09648558089249243,-0.04371679012182628,0,0.833
506,0.5725938174901183,-0.015257761725125052,0,0.8079999999999999
507,0.02759432125762079,-0.04182533948882872,0,0.8220000000000001
508,0.3774730575350856,0.0,0,0.7190000000000001
509,0.6959298086959383,-0.010780955949982518,0,0.74
510,0.6629558397114128,0.0,0,0.755
511,0.09914814219971947,-0.04371679012182628,0,0.767
512,0.07321533300478228,0.0031694265532417054,0,0.784
513,0.06203563735663097,-0.009702634350502448,0,0.659
514,0.38542039072070977,-0.00435446645689086,0,0.71
515,0.05458243298217023,-0.04371679012182628,0,0.537
516,0.1702949805049871,0.00189145063299756,0,0.657
517,0.6355713852915275,0.0,1,0.716
518,0.8970029842058916,-0.012672406582979967,1,0.642
519,0.12694132144810188,0.00189145063299756,0,0.603
520,0.15389973154889267,-0.011594084983500008,0,0.674
521,0.5796040352140044,-0.010780955949982518,1,0.674
522,0.49786701303708203,0.0,0,0.584
523,0.07978422198878042,-0.04371679012182628,0,0.792
524,0.07652391497779171,-0.009702634350502448,0,0.647
525,0.157549914360314,0.0,0,0.667
526,0.12056081197221011,0.00189145063299756,0,0.836
527,0.19905173081760819,0.00189145063299756,0,0.742
528,0.22387519998797792,0.00189145063299756,0,0.563
529,0.26546332394421324,0.00189145063299756,1,0.764
530,0.11263180708286065,0.0,1,0.7290000000000001
